176.38 91.51 88.51 168.33 166.69 80.83 1 
175.48 90.62 89.40 165.83 168.51 80.65 1 
175.01 89.57 90.44 164.09 169.12 79.62 1 
174.94 89.48 90.54 162.72 168.87 79.82 1 
173.86 89.04 90.97 159.01 169.47 79.73 1 
173.25 88.78 91.23 158.62 170.34 79.59 1 
173.70 88.41 91.60 158.01 170.19 79.97 1 
173.71 88.59 91.42 157.89 169.90 80.35 1 
174.23 88.32 91.69 157.61 169.90 80.50 1 
173.62 87.75 92.26 157.08 169.98 79.98 1 
178.95 89.29 90.72 156.73 169.71 84.14 1 
178.44 88.99 91.02 156.53 169.43 85.13 1 
173.81 89.26 90.75 157.07 169.84 83.83 1 
173.21 89.04 90.97 157.58 169.98 83.49 1 
178.21 88.67 91.34 158.05 170.17 84.81 1 
178.01 88.85 91.17 158.77 170.23 87.68 1 
178.27 88.98 91.03 158.96 170.07 85.33 1 
175.56 89.17 90.84 160.53 170.47 84.22 1 
175.96 87.17 92.85 160.83 172.34 84.81 1 
175.58 88.09 91.92 160.83 171.73 83.68 1 
176.36 88.76 91.26 161.06 171.79 86.80 1 
178.63 88.84 91.17 161.35 171.49 85.81 1 
179.52 89.57 90.44 161.72 171.48 85.02 1 
178.49 90.94 89.07 162.70 171.16 85.42 1 
177.92 91.10 88.91 163.36 170.51 87.42 1 
178.76 90.99 89.03 163.80 170.30 87.70 1 
176.80 90.33 89.68 163.97 170.27 85.77 1 
175.54 90.05 89.97 164.05 170.13 83.85 1 
175.58 90.12 89.89 164.51 169.91 83.48 1 
176.05 91.00 89.01 165.37 169.78 84.19 1 
176.30 91.23 88.79 165.60 169.46 84.67 1 
178.13 91.30 88.71 165.65 170.03 86.79 1 
178.31 91.08 88.93 164.92 170.26 85.55 1 
177.46 90.90 89.12 164.39 170.01 85.98 1 
176.65 89.96 90.06 163.39 170.20 84.59 1 
175.24 89.23 90.78 163.72 170.40 87.62 1 
174.38 88.96 91.05 163.87 170.08 86.06 1 
173.20 88.54 91.48 163.98 169.27 86.51 1 
171.76 88.25 91.76 164.21 167.79 86.00 1 
173.33 90.26 89.75 165.85 162.17 85.04 1 
175.75 90.97 89.05 167.22 159.21 85.53 1 
177.72 92.18 87.83 167.41 154.35 88.12 1 
177.88 91.86 88.15 166.84 156.33 85.74 1 
177.86 92.07 87.94 167.02 159.44 85.36 1 
177.53 92.42 87.59 166.85 161.54 85.13 1 
177.32 92.57 87.44 165.86 164.18 85.56 1 
177.01 92.90 87.11 165.14 162.65 84.57 1 
176.16 93.43 86.59 166.21 162.36 84.71 1 
174.89 93.93 86.08 166.34 162.19 86.07 1 
175.09 93.91 86.11 165.92 161.58 86.75 1 
175.64 93.40 86.61 165.58 166.02 88.06 1 
175.56 93.37 86.64 165.88 166.51 85.34 1 
175.55 93.27 86.74 166.14 167.06 86.07 1 
174.49 93.95 86.06 166.59 167.36 84.38 1 
174.97 93.97 86.05 166.91 166.33 85.65 1 
174.66 94.23 85.78 166.06 165.66 83.93 1 
174.36 94.24 85.78 165.88 165.23 83.64 1 
174.63 93.73 86.29 165.84 128.95 86.12 1 
173.14 93.89 86.12 165.43 130.76 85.01 1 
173.05 93.54 86.48 165.29 132.98 85.12 1 
171.79 94.06 85.95 165.61 137.63 82.99 1 
171.67 94.09 85.92 166.00 161.74 82.95 1 
171.13 94.38 85.64 166.39 161.79 83.66 1 
171.59 94.02 85.99 165.77 161.74 82.81 1 
171.96 93.95 86.06 165.10 161.71 83.53 1 
172.11 93.82 86.19 164.57 161.95 84.50 1 
171.88 93.67 86.35 164.42 163.15 84.06 1 
174.31 92.23 87.78 164.08 164.04 84.68 1 
177.12 91.67 88.34 164.74 168.89 86.86 1 
177.92 91.76 88.25 164.71 166.72 87.02 1 
177.30 91.58 88.43 164.51 167.26 85.03 1 
176.71 91.43 88.58 164.36 169.10 85.58 1 
176.97 91.68 88.33 166.05 168.55 84.36 1 
177.49 91.47 88.54 165.21 168.72 86.34 1 
176.89 91.17 88.85 164.93 168.43 85.99 1 
172.76 90.64 89.38 164.86 167.91 83.50 1 
172.35 90.21 89.80 164.74 167.77 82.19 1 
173.57 90.21 89.80 164.74 167.80 83.63 1 
174.30 90.54 89.47 165.11 168.01 82.79 1 
173.63 90.64 89.38 165.40 167.98 83.94 1 
173.93 90.79 89.23 165.90 168.06 83.06 1 
173.77 90.84 89.17 166.18 168.11 83.81 1 
173.91 90.94 89.07 166.31 168.20 82.59 1 
177.41 92.20 87.81 166.42 167.94 84.48 1 
175.55 91.89 88.12 166.58 167.79 83.80 1 
174.16 91.60 88.41 166.69 167.97 84.15 1 
173.93 91.36 88.65 166.94 168.30 84.30 1 
173.72 91.32 88.70 167.23 168.54 82.08 1 
173.60 91.17 88.84 164.52 168.51 82.75 1 
173.53 91.10 88.91 163.04 168.27 83.17 1 
173.80 91.18 88.83 163.76 168.32 83.51 1 
170.03 90.98 89.03 162.53 167.70 81.10 1 
172.25 91.25 88.76 163.91 167.95 81.83 1 
172.61 91.06 88.95 164.73 168.02 82.15 1 
172.81 91.03 88.99 165.25 167.90 82.97 1 
172.79 91.07 88.94 165.71 167.72 82.82 1 
172.25 90.95 89.07 165.99 167.61 81.75 1 
171.87 91.04 88.98 166.12 167.58 81.57 1 
171.58 90.93 89.08 166.00 166.91 81.74 1 
170.29 90.67 89.35 165.54 164.51 81.04 1 
169.87 90.61 89.40 165.41 164.99 80.49 1 
169.16 90.27 89.75 165.42 164.87 81.00 1 
169.05 90.32 89.70 165.29 164.90 79.84 1 
168.92 90.52 89.50 165.35 165.01 80.76 1 
171.44 91.44 88.57 165.11 165.20 81.94 1 
171.19 91.17 88.85 164.84 165.46 82.58 1 
171.63 91.07 88.94 164.61 165.79 83.14 1 
172.47 91.37 88.65 164.56 165.83 82.48 1 
172.91 91.30 88.71 164.46 166.00 83.87 1 
173.75 91.33 88.68 164.77 166.21 83.68 1 
175.82 91.67 88.35 164.87 166.52 86.44 1 
177.37 92.09 87.92 165.43 166.72 85.02 1 
178.01 91.79 88.22 165.84 166.90 84.93 1 
177.58 91.63 88.38 166.45 166.96 85.79 1 
177.68 91.61 88.40 167.15 166.58 85.83 1 
176.93 91.39 88.62 166.19 165.87 84.80 1 
176.61 91.78 88.23 167.28 165.77 84.59 1 
176.57 91.91 88.11 167.77 165.68 86.11 1 
176.12 91.63 88.38 167.35 165.20 86.53 1 
176.22 91.68 88.33 167.79 165.29 85.20 1 
176.24 91.85 88.16 167.90 165.47 85.09 1 
176.03 92.15 87.87 168.05 165.62 84.27 1 
175.76 92.36 87.66 168.07 165.60 84.71 1 
175.69 92.59 87.43 167.91 165.54 86.16 1 
175.58 92.58 87.44 167.54 165.62 85.03 1 
175.41 92.44 87.57 167.60 165.97 84.46 1 
175.35 92.28 87.73 167.52 166.16 86.64 1 
175.64 92.11 87.90 167.45 166.37 85.63 1 
175.67 92.04 87.97 167.29 166.33 87.01 1 
175.22 92.04 87.98 167.19 166.29 84.37 1 
175.29 92.16 87.86 167.01 166.40 85.47 1 
174.82 92.07 87.94 167.08 166.27 84.62 1 
174.00 92.08 87.94 167.22 166.33 84.49 1 
173.61 92.14 87.88 167.38 166.23 84.24 1 
173.43 91.88 88.14 167.48 166.51 83.53 1 
173.11 91.74 88.27 167.75 166.52 84.24 1 
172.38 91.66 88.35 168.18 166.49 82.98 1 
172.32 91.76 88.26 168.45 166.78 84.01 1 
171.22 91.79 88.22 168.72 166.76 83.29 1 
170.55 91.82 88.20 168.86 166.87 81.23 1 
171.23 91.84 88.17 168.86 166.93 81.68 1 
176.53 92.68 87.33 168.64 167.21 85.97 1 
174.81 91.94 88.08 168.12 167.48 83.70 1 
173.96 91.65 88.36 167.18 167.58 83.03 1 
173.49 91.62 88.40 166.29 167.61 82.95 1 
172.82 91.52 88.49 165.32 167.57 84.23 1 
172.97 91.34 88.67 164.41 167.63 83.82 1 
172.59 91.05 88.97 164.07 167.56 83.24 1 
172.58 90.96 89.05 163.65 167.39 84.28 1 
171.99 90.97 89.04 163.28 167.18 83.66 1 
171.50 90.69 89.32 163.13 167.23 83.26 1 
168.31 90.02 90.00 164.03 167.28 79.98 1 
168.01 89.92 90.10 164.15 167.24 79.76 1 
168.83 90.24 89.78 165.12 167.09 79.69 1 
169.25 90.33 89.68 165.75 166.99 80.73 1 
169.36 90.39 89.62 166.01 167.02 80.71 1 
169.43 90.61 89.40 166.10 166.64 80.85 1 
170.81 90.85 89.17 166.46 166.69 81.19 1 
171.74 91.28 88.74 166.81 166.70 81.24 1 
171.50 91.54 88.48 166.64 166.61 82.20 1 
172.10 91.95 88.06 166.43 166.39 82.62 1 
176.71 93.14 86.87 166.50 165.63 85.88 1 
176.73 92.73 87.28 166.36 165.34 87.28 1 
176.46 92.48 87.54 165.69 163.20 85.96 1 
175.97 92.37 87.64 165.15 163.74 85.23 1 
175.35 92.24 87.78 164.98 164.37 83.92 1 
177.03 92.65 87.36 164.39 165.49 84.72 1 
173.55 94.20 85.81 164.14 165.32 82.49 1 
170.85 94.94 85.07 164.13 165.26 80.42 1 
170.04 95.19 84.82 164.08 165.22 78.42 1 
175.23 93.90 86.12 165.33 165.60 83.46 1 
176.61 93.25 86.76 165.00 165.28 86.09 1 
175.84 92.91 87.11 165.14 165.10 84.30 1 
175.49 92.70 87.31 165.18 165.75 84.88 1 
174.99 92.68 87.33 165.80 166.01 84.83 1 
174.56 92.51 87.50 166.28 166.20 82.86 1 
175.79 92.80 87.21 166.52 166.46 83.75 1 
175.12 92.57 87.44 166.66 165.21 83.70 1 
175.15 92.38 87.63 166.82 165.20 84.93 1 
174.91 92.18 87.84 166.86 165.30 83.60 1 
175.72 92.26 87.76 166.77 165.28 84.70 1 
176.07 92.32 87.69 166.67 165.07 85.54 1 
176.07 92.47 87.54 166.71 164.76 84.61 1 
175.93 92.54 87.47 166.67 164.31 84.19 1 
175.61 92.58 87.44 166.83 164.05 86.69 1 
175.48 92.45 87.56 166.81 163.99 86.10 1 
175.05 92.27 87.75 166.87 163.44 84.08 1 
174.71 92.04 87.97 166.82 163.50 85.25 1 
173.83 91.85 88.16 166.93 163.48 84.34 1 
173.29 91.83 88.18 167.03 163.72 83.55 1 
173.17 91.93 88.09 167.00 164.30 84.13 1 
173.28 91.82 88.19 166.86 164.86 84.09 1 
173.53 91.77 88.24 166.86 165.24 83.85 1 
173.43 91.51 88.51 166.90 166.54 82.54 1 
172.93 91.48 88.53 166.54 166.37 82.81 1 
173.13 91.58 88.44 166.44 166.37 82.76 1 
173.57 91.55 88.46 166.47 166.58 83.91 1 
174.06 91.54 88.47 166.38 166.66 83.85 1 
174.54 91.61 88.40 166.58 166.73 82.76 1 
177.36 92.53 87.48 166.64 166.94 84.45 1 
175.47 92.31 87.70 166.75 167.01 84.83 1 
174.49 92.24 87.77 166.89 167.07 83.47 1 
176.91 91.72 88.30 166.83 167.25 86.20 1 
177.63 91.51 88.50 166.82 167.41 85.66 1 
177.60 91.25 88.77 167.25 167.31 85.78 1 
178.32 91.28 88.73 167.42 167.45 85.31 1 
178.01 91.07 88.94 167.56 167.66 86.67 1 
177.16 91.04 88.98 167.71 167.51 84.37 1 
172.92 90.74 89.28 168.68 167.31 81.39 1 
171.67 91.04 88.97 169.09 167.21 80.08 1 
174.37 91.28 88.73 169.23 167.52 81.70 1 
173.66 91.25 88.76 169.31 167.83 80.62 1 
175.12 91.24 88.77 169.37 168.40 82.01 1 
176.31 91.25 88.76 169.28 168.41 83.69 1 
175.73 91.42 88.60 169.32 168.13 81.89 1 
175.42 91.54 88.47 169.08 168.05 81.12 1 
174.37 91.78 88.24 168.45 168.09 80.63 1 
175.53 91.91 88.10 167.84 167.82 81.71 1 
174.61 92.06 87.95 167.16 167.95 80.28 1 
174.53 91.99 88.03 166.48 168.04 80.69 1 
174.14 92.02 87.99 166.03 167.97 80.20 1 
173.38 92.01 88.00 165.66 168.23 79.89 1 
173.45 91.93 88.09 165.49 168.38 79.84 1 
173.47 91.90 88.12 165.42 168.29 80.64 1 
172.63 91.87 88.15 165.47 168.15 79.92 1 
172.40 91.75 88.26 165.63 168.15 78.44 1 
172.02 91.94 88.07 166.04 168.34 78.35 1 
171.65 92.02 87.99 166.40 168.15 78.63 1 
171.61 92.03 87.98 166.69 167.93 78.80 1 
172.11 92.00 88.01 167.01 167.70 78.37 1 
172.17 91.99 88.03 167.42 167.24 78.49 1 
172.48 92.00 88.02 167.69 167.09 78.87 1 
172.50 92.07 87.95 167.87 167.34 79.67 1 
172.35 92.30 87.71 168.07 169.15 79.73 1 
172.82 92.36 87.65 168.17 170.67 78.92 1 
173.44 93.19 86.83 168.26 170.09 80.03 1 
174.42 93.68 86.33 168.38 170.43 81.03 1 
174.69 92.73 87.28 168.38 170.75 81.07 1 
175.22 92.62 87.39 168.31 170.57 81.08 1 
176.25 92.46 87.55 168.25 170.66 82.61 1 
176.24 92.60 87.41 168.57 170.38 81.68 1 
176.06 92.74 87.27 168.76 170.45 81.47 1 
175.54 92.69 87.32 168.96 170.06 82.27 1 
175.27 93.04 86.98 168.96 169.99 81.31 1 
174.95 93.14 86.87 168.88 170.00 82.18 1 
174.76 92.97 87.05 168.92 169.82 82.11 1 
174.77 92.82 87.20 168.78 169.86 81.11 1 
174.69 92.88 87.13 168.30 169.71 81.41 1 
174.61 92.79 87.22 167.94 170.05 81.30 1 
174.61 92.84 87.18 167.91 169.77 81.41 1 
174.35 93.06 86.96 167.53 169.65 80.57 1 
174.23 93.12 86.90 167.54 169.36 80.31 1 
174.10 93.24 86.77 167.62 169.15 80.59 1 
174.00 93.24 86.77 167.76 169.15 80.59 1 
173.87 93.36 86.65 168.25 169.04 80.20 1 
173.73 93.38 86.64 168.61 169.03 80.04 1 
173.59 93.55 86.46 169.04 169.34 80.63 1 
173.24 93.59 86.42 169.06 169.09 79.43 1 
173.06 93.71 86.31 168.74 168.78 80.12 1 
172.88 93.82 86.19 169.12 168.57 79.07 1 
172.83 93.93 86.08 169.50 168.51 79.12 1 
172.57 94.05 85.96 169.63 169.78 79.40 1 
172.63 94.10 85.92 170.00 168.78 78.98 1 
172.65 94.08 85.93 169.61 168.40 79.93 1 
172.67 93.90 86.11 169.09 168.08 79.27 1 
172.65 93.82 86.20 168.78 167.79 78.60 1 
172.55 93.77 86.25 168.38 166.89 79.25 1 
172.30 93.71 86.30 168.42 167.12 78.45 1 
172.19 93.67 86.34 168.61 167.01 78.70 1 
172.47 93.63 86.38 168.59 166.87 78.79 1 
172.55 93.49 86.53 168.22 167.06 78.86 1 
172.69 93.63 86.38 168.16 166.52 79.46 1 
172.58 93.65 86.36 168.09 166.38 79.35 1 
172.64 93.59 86.42 167.62 166.43 78.65 1 
172.49 93.60 86.42 167.34 166.32 79.14 1 
172.32 93.52 86.49 166.90 166.46 78.38 1 
172.34 93.40 86.62 166.81 166.59 79.30 1 
172.40 93.28 86.73 166.74 166.96 78.99 1 
172.25 93.27 86.75 166.33 167.01 78.83 1 
171.85 93.28 86.73 165.69 167.09 78.10 1 
171.27 93.22 86.79 165.62 167.11 78.19 1 
170.20 93.05 86.97 165.52 167.04 77.32 1 
170.19 93.22 86.79 165.61 167.04 77.33 1 
170.34 93.36 86.65 165.67 167.14 77.80 1 
170.57 93.46 86.55 165.81 167.27 77.71 1 
170.75 93.58 86.44 165.89 167.26 78.03 1 
170.90 93.70 86.31 165.99 167.18 78.41 1 
171.16 93.76 86.26 166.11 167.11 77.69 1 
171.10 93.76 86.25 166.21 167.03 78.02 1 
170.86 93.84 86.17 166.47 166.68 78.28 1 
170.11 93.52 86.49 166.70 166.51 78.17 1 
170.22 92.10 87.92 166.58 166.21 79.20 1 
170.77 91.31 88.71 166.66 165.86 79.00 1 
171.34 91.69 88.33 167.21 165.40 79.96 1 
171.48 91.08 88.93 167.40 165.72 79.93 1 
171.77 90.83 89.18 166.32 165.41 79.57 1 
171.58 90.12 89.90 167.09 165.37 78.59 1 
171.20 90.07 89.94 167.15 165.13 77.97 1 
170.94 90.89 89.13 167.64 164.52 77.45 1 
171.24 91.16 88.85 166.55 164.91 77.29 1 
171.54 91.36 88.65 165.82 165.49 78.18 1 
171.28 90.47 89.54 164.44 165.55 77.02 1 
170.84 90.42 89.60 163.99 165.41 76.51 1 
170.89 90.78 89.24 163.36 165.17 76.38 1 
171.10 90.95 89.06 164.09 164.92 76.90 1 
172.01 91.26 88.75 163.42 164.41 77.77 1 
172.36 91.34 88.67 162.49 164.36 78.29 1 
173.11 90.74 89.27 161.45 164.54 78.09 1 
173.90 90.27 89.74 161.25 165.16 78.80 1 
174.82 89.82 90.19 162.17 165.51 79.30 1 
175.00 89.48 90.54 163.48 165.63 80.65 1 
175.13 90.27 89.74 162.02 164.57 80.20 1 
175.01 90.23 89.79 161.69 164.36 79.75 1 
175.07 89.89 90.13 161.92 163.56 80.41 1 
174.69 90.82 89.19 162.07 163.10 79.86 1 
175.54 90.09 89.93 162.57 162.35 80.29 1 
174.12 91.67 88.35 163.28 161.72 79.52 1 
173.83 92.09 87.92 162.74 161.31 78.87 1 
172.83 92.67 87.34 162.44 161.11 78.09 1 
173.03 92.63 87.38 163.11 160.90 78.27 1 
174.38 91.29 88.73 163.43 161.21 79.65 1 
174.80 90.78 89.24 163.79 161.19 79.75 1 
175.04 90.62 89.40 163.48 161.15 79.66 1 
174.33 91.46 88.55 163.63 160.70 79.45 1 
174.60 91.15 88.87 163.35 160.94 79.88 1 
174.66 91.08 88.93 163.23 161.35 80.74 1 
175.08 90.89 89.12 162.93 161.81 80.40 1 
175.66 90.80 89.21 162.69 162.07 81.53 1 
176.60 90.64 89.37 161.86 162.17 81.30 1 
177.24 91.47 88.54 161.49 161.44 81.84 1 
177.51 91.11 88.91 161.73 161.77 81.81 1 
177.45 91.13 88.88 162.42 161.83 81.13 1 
177.75 91.03 88.99 162.27 161.91 81.11 1 
177.89 90.91 89.10 162.47 162.10 82.48 1 
178.16 90.86 89.15 162.45 162.16 82.55 1 
178.13 90.81 89.20 162.57 162.36 81.74 1 
178.13 90.69 89.32 162.44 162.62 81.86 1 
177.88 90.87 89.15 162.34 162.64 82.02 1 
177.88 91.03 88.98 161.70 162.52 81.45 1 
177.91 91.08 88.94 160.78 162.39 81.11 1 
178.02 91.02 89.00 159.94 162.28 80.96 1 
177.90 91.19 88.82 159.94 161.76 80.72 1 
177.64 91.29 88.72 159.54 161.44 81.59 1 
177.84 91.32 88.70 158.88 160.92 80.63 1 
177.67 91.26 88.75 159.22 160.99 81.17 1 
177.52 91.09 88.92 159.50 161.23 80.50 1 
177.13 90.87 89.14 160.01 161.96 81.71 1 
176.51 90.47 89.54 160.25 163.13 81.07 1 
176.65 90.17 89.84 160.02 163.66 81.70 1 
176.96 90.06 89.96 160.07 162.83 80.98 1 
177.25 89.99 90.02 159.73 162.32 82.49 1 
177.60 89.96 90.06 159.44 162.26 82.45 1 
177.88 89.87 90.14 159.10 163.07 82.92 1 
177.92 90.08 89.94 159.16 163.66 83.01 1 
178.58 90.05 89.96 159.31 163.69 83.49 1 
179.07 90.06 89.95 159.73 164.13 84.01 1 
178.63 90.45 89.56 161.05 164.59 83.98 1 
178.65 90.68 89.33 161.86 164.60 82.96 1 
179.03 90.72 89.29 162.20 164.61 82.79 1 
178.91 90.85 89.17 162.93 164.29 84.54 1 
179.30 90.52 89.50 162.25 164.30 83.44 1 
179.52 90.37 89.64 162.00 164.81 84.76 1 
179.45 90.40 89.61 162.24 164.73 83.25 1 
179.58 90.30 89.72 161.98 164.73 83.84 1 
179.54 90.26 89.75 161.69 163.73 84.90 1 
179.52 90.33 89.68 161.37 163.81 84.89 1 
179.63 90.27 89.74 161.06 163.99 84.40 1 
179.48 90.42 89.59 160.75 163.87 84.81 1 
179.47 90.46 89.55 160.03 163.95 84.68 1 
179.23 90.46 89.55 159.67 163.90 84.32 1 
179.21 90.62 89.40 159.60 163.84 84.44 1 
179.06 90.83 89.19 159.48 163.81 83.28 1 
178.62 91.31 88.71 159.87 163.53 84.20 1 
177.62 92.08 87.93 160.40 163.53 82.24 1 
177.77 91.84 88.18 160.58 163.49 82.08 1 
178.14 91.68 88.34 161.14 163.96 82.09 1 
177.69 91.85 88.17 163.01 164.30 81.97 1 
177.40 92.03 87.98 164.22 164.18 83.23 1 
177.50 91.96 88.06 165.02 164.64 82.22 1 
176.90 92.47 87.54 166.57 163.67 82.17 1 
176.37 92.86 87.16 168.16 164.11 82.51 1 
176.86 92.34 87.67 168.15 163.95 81.59 1 
177.19 92.04 87.97 167.84 164.44 83.14 1 
177.38 91.52 88.49 168.00 165.05 81.74 1 
176.81 92.27 87.75 168.54 165.20 81.62 1 
177.15 92.01 88.00 168.25 165.38 82.50 1 
177.16 92.03 87.98 168.15 165.93 82.37 1 
176.29 92.75 87.26 168.88 166.24 81.31 1 
175.98 93.00 87.01 169.42 164.81 82.03 1 
175.51 93.50 86.51 169.68 163.98 82.15 1 
175.63 93.45 86.57 169.76 163.75 81.07 1 
175.73 93.30 86.71 168.61 163.36 82.57 1 
175.38 93.59 86.42 167.60 162.52 81.15 1 
175.24 93.75 86.26 166.49 162.54 81.15 1 
175.19 93.81 86.20 165.67 162.65 81.16 1 
175.10 93.92 86.10 165.51 162.60 81.74 1 
175.14 93.90 86.11 165.48 162.62 81.15 1 
175.29 93.86 86.15 166.35 162.56 81.67 1 
175.42 93.66 86.36 166.30 162.55 82.73 1 
175.45 93.44 86.57 166.09 162.39 81.73 1 
175.31 93.47 86.55 166.07 162.02 82.56 1 
175.16 93.55 86.47 166.04 161.78 80.94 1 
175.05 93.47 86.54 165.94 161.61 81.08 1 
175.18 93.41 86.60 165.76 161.50 80.89 1 
175.47 93.34 86.68 164.81 161.81 80.84 1 
176.05 93.26 86.75 162.35 161.57 80.97 1 
175.78 93.58 86.44 163.04 161.46 81.55 1 
175.50 93.81 86.20 163.65 161.45 80.64 1 
175.50 93.91 86.10 163.96 161.34 80.66 1 
175.57 93.96 86.05 163.85 161.21 81.77 1 
175.59 93.94 86.07 163.56 161.24 81.93 1 
175.25 94.11 85.90 164.52 162.23 81.16 1 
174.84 94.32 85.69 165.78 162.22 81.49 1 
174.95 94.23 85.79 164.92 162.24 82.07 1 
175.04 94.07 85.94 164.42 162.09 80.77 1 
175.33 93.80 86.21 164.44 161.80 81.39 1 
175.66 93.52 86.49 164.01 161.44 82.17 1 
175.95 93.21 86.80 163.52 161.89 81.93 1 
176.71 91.92 88.09 157.76 162.27 82.54 1 
176.74 91.77 88.25 158.11 162.34 81.25 1 
176.78 91.70 88.31 158.36 162.54 82.63 1 
176.58 91.65 88.37 158.60 162.94 81.43 1 
176.04 91.19 88.83 158.78 163.21 81.14 1 
175.72 91.32 88.69 160.40 162.70 80.25 1 
175.38 91.40 88.61 161.08 161.84 80.06 1 
174.83 91.34 88.67 161.43 160.81 79.27 1 
174.21 91.53 88.48 161.64 159.93 78.78 1 
173.53 91.61 88.41 161.94 159.16 78.57 1 
173.38 91.54 88.47 161.26 158.59 77.90 1 
173.05 91.43 88.58 159.52 157.71 78.20 1 
172.29 91.37 88.64 159.58 156.77 77.47 1 
172.22 91.37 88.65 159.66 156.18 77.25 1 
171.80 91.39 88.62 159.68 155.70 76.34 1 
171.74 91.49 88.52 159.92 155.34 76.13 1 
171.86 92.06 87.96 160.23 155.01 76.94 1 
171.80 91.90 88.12 160.05 154.86 76.84 1 
171.58 91.98 88.03 159.90 154.93 76.21 1 
171.68 92.17 87.84 159.94 156.32 76.40 1 
171.82 92.16 87.85 160.01 157.45 76.38 1 
172.16 92.03 87.99 158.86 157.63 76.97 1 
172.06 92.17 87.85 159.01 158.30 76.62 1 
172.19 92.36 87.65 159.00 158.95 76.56 1 
172.49 92.28 87.74 158.88 159.43 77.32 1 
172.61 92.09 87.93 159.03 159.76 77.35 1 
172.74 91.79 88.23 158.92 160.10 77.09 1 
172.79 91.78 88.23 158.73 160.31 76.80 1 
173.01 91.81 88.20 158.61 161.64 77.17 1 
172.91 92.00 88.01 158.80 162.70 76.96 1 
173.01 91.88 88.13 158.74 163.19 76.83 1 
173.18 92.01 88.01 158.74 163.37 77.03 1 
173.06 92.14 87.87 158.83 163.43 77.38 1 
172.88 92.38 87.63 159.75 162.72 77.64 1 
172.63 92.36 87.65 160.42 162.10 77.00 1 
172.37 92.28 87.73 160.70 162.00 76.73 1 
172.08 92.26 87.76 161.01 161.83 77.20 1 
171.78 92.24 87.78 161.28 161.75 77.09 1 
171.81 92.29 87.72 161.23 161.47 77.28 1 
172.54 92.16 87.85 159.58 161.21 77.21 1 
172.43 92.12 87.90 159.59 161.13 77.12 1 
172.36 92.20 87.81 159.25 161.05 76.74 1 
172.50 92.28 87.73 159.05 160.66 76.98 1 
172.58 92.21 87.81 158.61 161.68 76.64 1 
173.01 92.18 87.83 157.65 162.03 76.79 1 
173.05 92.28 87.74 157.19 162.74 77.09 1 
173.25 92.38 87.63 156.83 163.09 77.05 1 
174.18 92.10 87.92 156.53 163.37 77.42 1 
174.85 92.23 87.78 155.44 163.43 77.60 1 
175.49 91.87 88.14 156.31 163.11 78.43 1 
175.93 91.56 88.45 156.89 162.37 78.42 1 
176.38 91.38 88.63 156.83 162.48 79.56 1 
178.33 91.49 88.52 156.99 161.80 80.98 1 
178.34 91.63 88.38 157.38 161.45 82.53 1 
177.79 91.76 88.25 157.98 161.44 81.89 1 
177.04 92.02 88.00 158.54 162.12 80.82 1 
176.72 92.13 87.88 158.87 161.84 80.78 1 
176.92 92.77 87.24 159.01 161.85 81.41 1 
177.00 92.63 87.39 159.10 160.99 80.65 1 
176.78 93.12 86.89 159.71 160.95 81.53 1 
176.36 93.42 86.60 160.42 161.15 82.13 1 
176.22 93.68 86.33 160.32 161.22 82.51 1 
176.00 93.90 86.11 160.52 161.28 81.70 1 
175.53 94.47 85.54 160.71 161.54 82.87 1 
175.11 94.61 85.40 160.90 161.67 83.68 1 
175.12 94.48 85.53 161.08 161.71 83.53 1 
175.00 94.52 85.49 161.38 161.67 83.52 1 
175.28 94.19 85.83 161.49 161.98 83.04 1 
175.53 93.80 86.21 161.59 162.36 83.15 1 
175.76 93.57 86.44 161.95 162.56 84.05 1 
176.32 93.33 86.68 162.51 162.77 84.00 1 
176.29 93.21 86.80 162.77 162.92 83.55 1 
176.55 93.00 87.02 163.82 163.04 83.08 1 
176.70 92.73 87.28 163.72 163.14 84.68 1 
176.69 92.49 87.52 163.71 163.17 83.95 1 
176.81 92.25 87.76 164.00 163.30 84.17 1 
176.92 92.12 87.89 164.16 163.32 84.32 1 
176.92 92.15 87.86 164.29 163.38 84.51 1 
176.94 92.16 87.86 164.30 163.50 85.44 1 
176.74 92.21 87.81 164.42 163.42 84.10 1 
176.74 92.13 87.89 164.23 163.71 83.83 1 
176.92 92.02 87.99 163.91 163.90 84.17 1 
176.82 92.22 87.79 164.04 163.59 83.76 1 
177.02 92.32 87.69 164.73 163.51 84.13 1 
177.20 92.32 87.69 164.99 163.71 84.08 1 
177.14 92.44 87.57 165.12 163.78 83.18 1 
177.06 92.60 87.41 165.40 163.59 83.94 1 
177.09 92.71 87.30 165.62 163.26 83.13 1 
177.04 92.82 87.19 165.86 162.67 84.35 1 
177.05 92.85 87.16 165.88 162.13 82.48 1 
177.04 92.91 87.11 165.89 161.61 84.19 1 
177.20 92.80 87.22 165.86 161.27 82.56 1 
177.62 92.38 87.64 165.76 161.35 83.00 1 
178.59 91.28 88.74 165.91 161.63 82.11 1 
178.83 90.65 89.36 165.70 161.92 82.86 1 
179.52 89.60 90.42 164.77 161.55 83.20 1 
178.30 88.30 91.72 163.31 161.75 82.04 1 
178.17 88.17 91.85 162.72 163.35 83.21 1 
178.92 88.94 91.07 163.54 162.17 82.06 1 
178.53 88.54 91.48 163.56 161.77 81.92 1 
177.36 87.39 92.62 162.74 161.56 81.29 1 
177.39 87.39 92.62 160.69 162.17 80.76 1 
178.25 88.31 91.70 160.39 160.88 81.43 1 
177.97 87.97 92.05 160.18 160.82 81.82 1 
178.08 88.08 91.93 160.40 160.96 81.02 1 
178.03 88.02 91.99 160.07 160.87 80.86 1 
178.00 87.99 92.02 159.44 160.92 81.09 1 
177.77 87.88 92.14 158.64 160.79 80.79 1 
175.48 88.24 91.78 159.47 160.49 77.51 1 
175.48 88.89 91.13 158.42 159.40 77.77 1 
176.64 88.92 91.09 157.31 159.04 78.47 1 
177.22 89.03 90.98 156.49 159.34 79.35 1 
175.95 89.85 90.17 156.81 159.61 78.39 1 
175.94 90.14 89.87 156.79 159.93 78.00 1 
175.14 90.45 89.56 157.31 160.03 76.90 1 
176.12 90.18 89.84 156.79 159.88 77.43 1 
175.18 90.50 89.51 157.52 160.10 77.61 1 
174.92 90.60 89.41 159.19 159.85 77.37 1 
174.71 90.82 89.19 159.36 160.26 76.59 1 
174.69 91.13 88.88 160.17 160.06 76.67 1 
175.23 91.13 88.88 160.21 160.55 77.18 1 
175.10 91.20 88.82 160.74 160.79 77.31 1 
174.93 91.26 88.75 161.54 161.21 77.40 1 
174.72 91.77 88.24 161.45 161.09 76.71 1 
175.06 91.55 88.46 160.75 161.12 77.41 1 
175.10 91.61 88.40 160.94 160.52 77.43 1 
175.06 91.89 88.12 161.05 159.04 77.91 1 
175.39 91.91 88.11 160.83 158.11 78.35 1 
175.44 91.91 88.11 161.37 158.24 78.13 1 
175.49 92.14 87.88 161.78 158.11 78.13 1 
175.30 92.40 87.61 161.71 158.31 78.82 1 
175.02 92.55 87.46 161.66 159.71 78.44 1 
174.91 92.58 87.43 161.58 160.95 78.05 1 
175.21 92.61 87.41 161.30 161.19 78.63 1 
175.46 92.60 87.42 161.06 161.67 78.42 1 
175.57 92.73 87.29 161.20 161.83 79.40 1 
175.51 92.99 87.02 161.25 162.39 78.90 1 
175.44 93.04 86.97 161.32 162.88 79.51 1 
175.31 93.24 86.78 161.53 162.56 79.04 1 
175.41 93.17 86.84 161.27 163.13 79.22 1 
175.39 93.26 86.75 161.26 164.27 79.80 1 
175.37 93.26 86.76 161.42 165.23 79.33 1 
175.12 93.74 86.28 162.70 165.85 79.43 1 
174.48 94.76 85.26 163.56 166.41 79.96 1 
174.34 94.57 85.44 164.84 166.92 80.14 1 
174.43 94.22 85.79 165.19 167.14 79.90 1 
174.40 94.36 85.66 164.82 167.07 79.90 1 
174.26 94.48 85.53 164.23 166.75 79.81 1 
174.27 94.34 85.67 164.51 166.67 79.38 1 
173.92 94.53 85.49 164.14 166.35 78.91 1 
173.31 95.24 84.78 165.42 165.91 78.76 1 
173.33 95.30 84.71 166.37 165.44 79.16 1 
174.06 94.93 85.08 166.35 165.20 80.18 1 
173.38 95.73 84.28 165.98 164.69 79.67 1 
173.68 95.58 84.44 165.42 164.57 79.40 1 
173.87 95.42 84.60 164.70 164.40 79.41 1 
173.86 95.19 84.82 164.53 163.95 80.16 1 
173.69 95.26 84.76 164.06 163.96 79.24 1 
173.69 95.27 84.74 164.46 163.71 79.67 1 
173.80 95.12 84.89 164.62 163.54 80.00 1 
173.93 94.93 85.09 165.01 163.23 79.40 1 
173.81 95.02 84.99 165.32 162.91 79.38 1 
173.90 94.96 85.05 165.30 163.11 79.81 1 
173.73 94.91 85.10 165.19 162.81 80.18 1 
173.59 94.87 85.14 164.99 162.36 79.67 1 
173.35 94.85 85.16 164.99 162.20 78.67 1 
173.25 94.73 85.28 164.76 162.32 78.97 1 
173.00 94.70 85.31 164.68 162.60 78.53 1 
173.06 94.81 85.21 164.65 162.75 78.93 1 
173.36 94.78 85.24 164.83 162.97 79.34 1 
173.23 94.89 85.12 166.09 163.06 79.73 1 
173.17 94.93 85.09 167.13 163.48 79.41 1 
173.12 94.89 85.12 167.42 163.23 79.20 1 
173.02 94.81 85.20 167.52 163.18 79.12 1 
172.85 94.89 85.13 167.78 163.16 79.65 1 
173.05 94.83 85.18 167.41 163.14 78.92 1 
172.94 94.92 85.09 166.97 163.12 78.57 1 
173.05 94.90 85.11 167.07 163.13 79.13 1 
173.39 94.67 85.34 166.34 163.25 78.94 1 
173.47 94.57 85.44 166.34 163.42 78.84 1 
173.52 94.60 85.41 166.24 163.40 79.99 1 
173.79 94.36 85.65 165.95 163.38 79.70 1 
173.98 94.09 85.92 165.58 163.42 79.41 1 
173.90 94.06 85.96 165.52 163.40 79.51 1 
173.89 93.93 86.08 165.36 163.45 79.43 1 
173.99 93.74 86.27 165.44 163.34 79.38 1 
174.03 93.46 86.55 165.15 163.60 79.19 1 
173.80 93.55 86.46 165.21 163.49 78.78 1 
173.63 93.67 86.34 165.15 163.47 78.54 1 
173.52 93.41 86.60 164.94 163.07 78.52 1 
173.48 93.31 86.70 164.71 163.07 78.41 1 
173.31 92.99 87.02 164.47 163.27 77.86 1 
173.19 92.82 87.20 164.13 163.04 77.36 1 
173.06 92.73 87.28 163.77 161.18 77.37 1 
172.96 92.71 87.30 163.54 160.67 77.48 1 
172.99 92.75 87.27 163.93 159.77 77.56 1 
172.75 92.82 87.20 163.93 159.51 76.90 1 
172.47 93.06 86.95 164.02 159.32 77.28 1 
172.26 93.06 86.95 163.88 159.74 77.40 1 
172.06 93.00 87.01 164.10 160.08 76.63 1 
172.16 93.06 86.96 163.79 160.06 76.83 1 
172.43 93.11 86.91 163.66 160.05 76.94 1 
172.43 93.23 86.79 163.70 160.12 76.98 1 
172.15 93.52 86.49 163.85 160.08 77.10 1 
172.06 93.42 86.59 163.81 160.24 76.97 1 
172.13 93.45 86.57 163.80 160.06 76.59 1 
172.39 93.25 86.76 163.42 160.11 77.17 1 
172.71 93.33 86.68 163.43 159.98 78.03 1 
172.93 93.19 86.82 163.42 160.77 77.91 1 
173.07 93.16 86.85 163.45 161.14 77.91 1 
173.56 93.11 86.91 163.42 161.23 78.05 1 
173.70 93.05 86.96 163.50 161.79 78.04 1 
174.15 92.77 87.24 163.46 162.16 78.92 1 
174.75 92.36 87.65 162.96 162.56 78.86 1 
175.90 92.14 87.88 159.90 162.69 78.80 1 
175.73 92.11 87.90 160.82 163.44 79.79 1 
175.54 92.15 87.87 161.35 164.23 79.42 1 
175.55 92.15 87.86 160.96 164.93 79.31 1 
175.73 92.23 87.78 161.34 164.87 79.68 1 
176.88 86.95 93.07 160.09 165.59 83.27 1 
173.43 83.80 96.22 157.78 165.63 82.00 1 
172.26 82.92 97.09 157.82 165.22 81.64 1 
171.31 82.42 97.59 158.10 164.74 81.57 1 
170.91 82.73 97.28 158.59 163.93 81.15 1 
170.97 82.93 97.08 158.27 163.46 82.13 1 
170.17 82.22 97.79 157.98 163.68 81.39 1 
169.33 81.25 98.76 157.23 165.86 81.11 1 
169.10 80.96 99.06 155.79 166.12 81.19 1 
169.24 81.38 98.63 156.13 164.03 81.20 1 
170.43 82.64 97.37 158.36 163.73 81.46 1 
170.75 82.42 97.59 158.68 163.85 81.16 1 
170.42 81.57 98.44 158.73 162.68 79.83 1 
170.39 81.50 98.51 158.70 162.53 80.06 1 
170.40 81.38 98.64 158.59 164.24 80.62 1 
170.88 81.83 98.18 158.79 163.70 80.87 1 
170.74 81.58 98.44 158.57 163.50 79.70 1 
170.60 81.82 98.19 158.46 161.90 80.37 1 
170.33 81.35 98.66 158.32 161.84 80.45 1 
170.59 81.75 98.27 158.36 162.08 80.68 1 
170.76 81.88 98.13 158.40 161.82 80.30 1 
171.24 82.36 97.66 158.95 160.65 80.16 1 
172.51 83.43 96.58 163.26 159.94 80.12 1 
172.42 83.39 96.63 162.23 159.94 80.65 1 
172.49 83.64 96.37 161.46 159.72 81.40 1 
172.50 83.70 96.32 161.28 160.43 80.77 1 
177.11 89.44 90.58 161.18 160.46 84.74 1 
177.50 91.74 88.28 161.07 160.43 84.91 1 
176.78 93.03 86.98 161.08 158.70 83.16 1 
176.88 93.07 86.94 160.88 159.37 82.37 1 
176.61 93.40 86.62 160.66 159.66 83.70 1 
173.09 93.59 86.42 160.35 158.74 85.38 1 
174.15 93.80 86.22 160.21 160.26 84.15 1 
175.37 93.65 86.37 160.03 161.44 84.99 1 
173.70 93.71 86.30 160.67 162.09 84.38 1 
169.60 93.96 86.06 160.99 162.69 83.36 1 
166.05 93.86 86.16 161.31 162.63 80.81 1 
164.44 93.81 86.20 161.65 162.11 79.42 1 
162.99 93.90 86.12 161.57 159.73 78.50 1 
163.17 93.41 86.60 161.66 160.42 78.50 1 
162.71 93.16 86.86 161.02 159.06 78.45 1 
162.87 92.13 87.88 160.80 159.52 78.72 1 
163.46 91.51 88.51 160.60 160.13 78.59 1 
164.39 91.53 88.48 160.63 160.28 78.77 1 
164.32 92.08 87.93 162.53 159.98 78.33 1 
163.34 92.47 87.54 162.99 160.36 77.67 1 
163.95 92.96 87.05 163.66 160.31 77.00 1 
166.27 93.24 86.78 164.14 160.28 78.10 1 
165.34 92.75 87.26 164.51 159.52 77.82 1 
164.65 92.04 87.98 164.42 158.92 77.76 1 
165.67 93.02 86.99 167.63 159.66 76.55 1 
165.96 92.83 87.18 165.24 159.90 76.81 1 
166.23 92.75 87.26 164.64 159.72 77.10 1 
165.76 92.58 87.44 164.46 159.06 77.77 1 
166.09 92.24 87.77 164.50 158.64 77.45 1 
165.64 91.62 88.40 164.16 158.71 77.84 1 
165.53 91.51 88.50 164.56 159.13 77.75 1 
165.71 91.53 88.49 164.99 158.42 77.58 1 
165.02 91.28 88.73 164.91 158.07 77.16 1 
165.00 91.09 88.92 164.76 158.08 76.94 1 
165.02 91.47 88.54 165.57 157.44 77.05 1 
164.71 91.14 88.87 166.92 144.78 76.84 1 
164.46 90.97 89.04 167.11 145.79 76.98 1 
164.34 90.74 89.28 167.25 150.56 76.66 1 
164.41 90.59 89.43 167.80 152.85 76.78 1 
164.64 90.40 89.62 167.25 154.29 77.51 1 
164.75 89.80 90.22 166.81 155.34 77.84 1 
164.11 89.31 90.71 167.47 155.88 78.00 1 
165.33 88.53 91.48 166.93 156.51 78.89 1 
169.05 86.88 93.14 166.62 158.24 81.01 1 
169.60 85.08 94.94 162.98 158.84 82.66 1 
170.36 84.22 95.79 164.46 158.90 82.32 1 
170.22 83.97 96.05 163.70 161.73 82.33 1 
170.41 83.56 96.45 164.72 161.03 81.78 1 
170.11 82.29 97.72 165.19 165.51 80.54 1 
168.96 79.55 100.46 164.54 167.39 79.86 1 
169.62 80.08 99.93 165.47 171.65 80.53 1 
169.20 79.44 100.58 166.98 173.44 79.45 1 
168.07 78.36 101.66 167.50 174.13 78.76 1 
167.11 77.29 102.72 167.59 174.66 77.15 1 
166.81 77.01 103.01 167.39 175.04 77.52 1 
166.92 77.16 102.85 167.08 175.90 77.65 1 
165.74 75.91 104.11 166.38 175.61 75.95 1 
166.09 76.53 103.48 166.31 174.05 76.53 1 
165.44 76.23 103.78 166.31 173.85 76.18 1 
164.56 75.99 104.03 165.50 171.11 75.43 1 
164.20 76.17 103.84 165.12 168.87 75.13 1 
164.01 76.40 103.61 164.55 167.24 75.41 1 
164.09 76.80 103.21 163.45 165.97 75.36 1 
164.03 76.68 103.33 162.77 167.33 75.45 1 
164.18 77.07 102.95 162.55 166.65 75.71 1 
164.21 76.73 103.28 162.49 167.50 75.86 1 
164.07 76.87 103.15 161.96 167.28 75.90 1 
164.19 76.52 103.49 159.88 168.35 75.47 1 
164.27 76.85 103.17 160.59 166.94 75.29 1 
164.01 76.82 103.20 161.59 165.91 75.72 1 
163.84 76.40 103.61 161.79 166.31 74.89 1 
163.93 76.76 103.25 162.40 165.14 75.23 1 
164.12 77.20 102.82 162.42 164.33 75.52 1 
164.40 77.65 102.36 162.65 164.07 75.93 1 
164.75 78.19 101.83 164.04 164.54 76.33 1 
164.96 78.63 101.38 165.04 164.90 76.21 1 
164.58 78.82 101.19 164.68 165.71 76.92 1 
165.01 79.30 100.72 164.01 165.67 77.22 1 
165.65 79.55 100.46 164.78 165.49 77.48 1 
166.32 80.87 99.15 164.53 165.32 78.90 1 
166.61 81.64 98.37 164.13 165.69 79.17 1 
167.06 82.97 97.04 163.47 165.64 80.78 1 
168.05 84.06 95.95 163.92 166.18 82.09 1 
168.25 84.37 95.64 163.54 166.38 81.37 1 
168.85 86.01 94.00 163.26 165.62 83.60 1 
168.65 86.02 93.99 162.55 166.09 82.92 1 
168.87 87.36 92.66 162.71 166.45 83.07 1 
169.60 88.11 91.91 163.60 166.87 82.94 1 
170.44 88.75 91.26 164.34 167.64 83.66 1 
170.97 89.35 90.66 164.96 167.25 83.13 1 
170.09 90.09 89.92 164.16 165.50 83.18 1 
169.18 90.13 89.88 163.19 165.38 83.24 1 
169.01 89.12 90.89 162.15 165.30 83.31 1 
168.52 90.41 89.61 161.61 164.95 82.93 1 
167.85 91.17 88.84 161.59 164.94 82.10 1 
167.63 90.93 89.08 161.35 164.29 81.43 1 
167.80 91.02 88.99 161.99 164.19 82.24 1 
168.33 91.41 88.60 163.96 164.43 81.14 1 
168.42 91.85 88.16 164.60 163.50 81.88 1 
167.68 92.85 87.17 164.33 162.11 81.65 1 
167.51 93.28 86.73 164.26 161.24 81.79 1 
167.15 93.20 86.82 163.32 160.58 81.02 1 
167.24 93.01 87.00 163.41 160.14 81.76 1 
167.27 93.48 86.54 163.65 159.46 81.27 1 
167.72 93.45 86.56 164.95 159.21 82.00 1 
167.78 93.23 86.79 164.39 158.97 81.36 1 
167.83 93.35 86.66 164.41 158.78 82.59 1 
168.03 93.09 86.92 164.06 158.02 82.69 1 
168.27 92.99 87.03 162.69 158.15 81.75 1 
167.98 92.75 87.27 162.02 157.80 81.99 1 
167.65 92.61 87.40 161.73 157.74 81.68 1 
167.43 92.51 87.50 160.94 157.66 81.88 1 
167.07 92.54 87.47 160.00 157.45 81.35 1 
166.86 92.69 87.33 159.57 157.91 81.08 1 
166.86 92.81 87.20 159.50 157.69 81.11 1 
166.74 92.86 87.15 159.30 157.32 80.90 1 
166.61 92.81 87.21 158.80 156.99 81.25 1 
166.26 92.86 87.15 158.40 156.14 81.11 1 
166.10 92.69 87.33 159.53 155.73 80.95 1 
165.89 92.48 87.53 159.95 155.01 80.51 1 
166.00 92.34 87.67 160.70 154.60 80.12 1 
165.94 92.40 87.61 161.04 153.85 81.15 1 
166.04 92.36 87.65 160.90 153.15 80.06 1 
165.81 92.38 87.64 160.50 152.44 80.26 1 
165.53 92.30 87.72 160.20 152.43 80.56 1 
165.53 92.42 87.60 160.07 151.89 79.85 1 
165.49 92.60 87.42 160.39 152.41 80.40 1 
166.13 92.72 87.29 160.32 86.21 80.54 1 
166.15 92.51 87.50 160.10 82.01 80.66 1 
166.17 92.49 87.52 160.43 79.58 80.22 1 
168.98 92.96 87.05 160.31 79.51 81.50 1 
168.66 92.94 87.08 160.21 78.05 81.77 1 
168.59 92.93 87.09 161.69 79.43 81.84 1 
169.23 92.91 87.10 161.97 79.26 82.16 1 
167.31 92.55 87.46 159.75 78.65 81.26 1 
167.16 92.73 87.28 160.46 79.27 81.31 1 
167.81 92.53 87.48 160.98 83.56 81.59 1 
168.35 92.79 87.22 161.25 159.41 80.91 1 
168.99 93.08 86.93 161.44 160.24 81.82 1 
169.16 93.06 86.96 162.03 160.38 82.16 1 
169.45 93.00 87.01 163.07 160.39 83.21 1 
170.24 93.20 86.81 164.45 160.51 82.64 1 
171.14 93.63 86.38 165.62 160.95 83.81 1 
170.85 93.61 86.40 164.97 160.58 82.23 1 
172.13 94.16 85.85 164.93 162.41 82.41 1 
172.55 93.98 86.03 164.82 163.08 83.50 1 
173.17 93.83 86.18 165.07 162.72 83.01 1 
173.38 93.73 86.29 164.93 162.68 84.67 1 
173.19 92.79 87.22 162.06 162.28 83.94 1 
172.61 91.42 88.59 161.90 161.93 84.24 1 
172.32 91.74 88.27 164.01 162.34 83.80 1 
171.70 90.74 89.27 164.64 164.77 84.09 1 
172.28 91.13 88.88 166.10 162.99 84.18 1 
172.19 91.44 88.57 166.97 161.37 84.89 1 
172.14 91.38 88.63 167.76 161.06 84.07 1 
172.22 91.33 88.68 167.62 161.91 83.97 1 
172.42 91.09 88.92 167.57 162.69 84.37 1 
172.18 91.06 88.95 167.87 162.82 84.64 1 
172.13 90.98 89.03 167.99 162.53 83.41 1 
171.80 91.24 88.77 169.04 161.85 84.35 1 
171.28 91.02 89.00 84.62 161.28 83.90 1 
170.88 90.95 89.06 84.13 161.39 84.31 1 
170.91 91.03 88.98 134.54 160.77 82.87 1 
170.95 90.65 89.36 137.82 160.66 82.99 1 
171.11 90.82 89.19 144.55 160.01 83.87 1 
171.61 90.65 89.36 149.95 160.09 82.92 1 
171.87 90.65 89.36 153.63 159.73 83.35 1 
171.60 90.13 89.88 156.89 159.62 83.67 1 
171.75 90.69 89.32 160.06 158.85 84.36 1 
171.69 91.02 88.99 162.48 158.66 83.41 1 
171.49 91.22 88.79 163.78 158.44 84.33 1 
171.88 91.49 88.52 165.96 157.92 84.11 1 
172.13 91.70 88.31 167.10 157.45 83.82 1 
172.07 92.19 87.82 168.28 156.78 83.17 1 
171.75 92.44 87.57 168.70 156.34 83.07 1 
169.78 95.48 84.53 170.37 148.69 81.86 1 
169.71 95.76 84.26 171.82 148.81 81.83 1 
169.26 96.28 83.73 174.49 148.54 81.30 1 
169.56 95.96 84.06 174.68 148.63 82.27 1 
169.30 96.42 83.59 174.44 149.02 81.61 1 
169.22 97.08 82.93 174.51 148.82 82.16 1 
169.29 97.42 82.60 173.73 148.82 81.86 1 
169.23 97.88 82.13 173.85 149.30 81.97 1 
169.43 97.66 82.36 174.47 148.76 81.35 1 
169.87 97.32 82.70 174.63 148.76 82.19 1 
170.53 96.70 83.31 174.67 148.88 82.11 1 
170.95 96.63 83.39 173.99 150.02 82.88 1 
170.54 97.46 82.55 174.33 150.99 81.29 1 
170.83 97.18 82.83 174.24 151.42 82.59 1 
170.88 97.10 82.91 172.67 151.98 81.23 1 
170.85 97.38 82.64 171.70 151.82 81.51 1 
170.90 97.66 82.35 171.80 151.46 81.23 1 
171.18 97.21 82.81 171.14 151.04 81.69 1 
171.30 97.13 82.88 171.72 151.96 82.05 1 
171.04 97.46 82.56 171.69 151.90 82.28 1 
170.06 97.78 82.24 172.68 152.24 82.61 1 
170.78 96.96 83.05 172.57 152.42 82.04 1 
171.12 96.68 83.34 172.52 152.90 82.78 1 
171.11 96.69 83.32 172.55 151.15 83.10 1 
171.00 96.88 83.14 173.28 150.32 82.77 1 
170.73 97.12 82.90 173.74 149.83 82.14 1 
170.52 97.30 82.72 174.92 150.49 82.69 1 
170.22 97.68 82.34 175.27 151.09 82.24 1 
170.11 97.89 82.13 175.56 151.39 81.59 1 
170.05 98.05 81.97 175.78 152.30 82.74 1 
169.93 98.24 81.77 175.24 153.14 82.77 1 
169.81 98.31 81.71 174.85 154.25 82.03 1 
170.14 97.93 82.08 173.87 155.58 82.54 1 
170.59 97.06 82.95 172.61 156.18 82.74 1 
170.70 96.60 83.42 172.11 156.47 82.59 1 
169.78 95.76 84.25 171.21 157.46 82.80 1 
168.94 95.35 84.67 169.31 156.76 81.05 1 
168.52 95.69 84.32 167.95 157.86 81.61 1 
169.02 95.25 84.76 167.35 157.25 80.85 1 
169.44 94.47 85.54 166.99 157.34 81.28 1 
170.59 94.35 85.66 166.90 158.34 82.76 1 
171.25 93.76 86.25 165.99 158.95 83.49 1 
171.25 91.46 88.56 161.04 158.92 82.24 1 
170.88 89.77 90.24 163.86 157.58 82.13 1 
170.30 91.41 88.60 167.08 153.51 82.50 1 
167.78 91.52 88.49 167.31 150.23 81.12 1 
168.82 92.12 87.90 167.81 152.67 81.10 1 
168.18 92.28 87.73 168.85 152.12 81.12 1 
166.80 91.60 88.41 168.91 152.28 80.22 1 
165.80 90.70 89.31 167.65 153.04 78.77 1 
165.68 90.95 89.07 167.91 153.39 78.38 1 
168.19 90.75 89.26 166.17 157.65 79.08 1 
169.09 90.94 89.07 165.72 156.73 78.88 1 
168.76 90.61 89.40 168.59 158.67 78.24 1 
168.67 90.70 89.32 171.91 159.57 78.49 1 
169.06 92.37 87.65 174.12 158.72 78.27 1 
168.31 91.96 88.05 173.09 158.03 77.95 1 
167.36 91.55 88.47 115.52 157.84 78.10 1 
165.60 89.70 90.32 102.46 157.92 78.00 1 
166.61 89.44 90.57 102.44 159.19 78.62 1 
166.07 89.07 90.94 96.30 158.87 79.15 1 
166.31 89.09 90.93 99.74 158.92 78.59 1 
166.87 89.05 90.96 104.40 158.65 79.67 1 
167.08 88.64 91.37 105.05 158.75 79.52 1 
168.36 87.39 92.62 101.60 164.03 79.89 1 
168.06 86.83 93.18 102.25 164.99 80.16 1 
168.48 86.94 93.08 101.51 165.00 80.67 1 
168.64 87.62 92.40 101.58 163.17 80.55 1 
169.31 88.07 91.94 101.68 163.19 79.98 1 
169.69 89.51 90.50 101.20 158.02 80.33 1 
169.85 90.56 89.45 101.58 154.17 80.88 1 
170.22 90.10 89.91 102.43 156.01 80.89 1 
170.41 89.57 90.45 110.32 157.58 80.52 1 
170.08 89.80 90.21 118.15 155.53 80.46 1 
169.71 89.88 90.13 125.09 155.12 81.45 1 
169.29 89.72 90.29 130.56 155.20 81.23 1 
169.37 88.85 91.17 135.63 158.41 80.57 1 
168.68 88.29 91.72 140.40 158.15 80.36 1 
168.13 87.78 92.24 144.47 158.12 79.85 1 
167.93 88.11 91.90 147.63 157.77 80.25 1 
167.75 88.26 91.75 150.42 157.53 80.43 1 
167.46 88.21 91.81 152.89 156.89 79.78 1 
167.59 88.11 91.90 154.51 155.82 80.04 1 
168.15 88.70 91.31 155.67 155.77 81.74 1 
169.35 89.05 90.96 156.82 155.14 81.99 1 
168.97 89.30 90.71 157.04 155.40 82.59 1 
168.78 89.49 90.52 157.75 155.12 82.18 1 
169.11 90.85 89.16 159.14 154.98 83.15 1 
169.11 92.09 87.92 160.56 154.49 82.28 1 
169.09 93.07 86.94 162.63 153.97 82.87 1 
169.02 93.95 86.06 164.79 153.55 82.24 1 
168.75 94.61 85.40 166.38 153.00 81.39 1 
168.69 94.76 85.25 167.44 152.53 81.69 1 
169.15 94.76 85.25 167.91 152.29 81.68 1 
169.49 95.39 84.62 167.46 151.25 82.25 1 
170.12 95.65 84.37 167.75 151.00 83.36 1 
170.71 95.49 84.53 167.57 150.52 82.33 1 
171.70 94.13 85.89 167.90 150.61 83.20 1 
172.38 95.40 84.62 174.08 150.47 84.93 1 
172.38 96.00 84.02 171.14 149.89 83.81 1 
172.64 96.01 84.01 168.36 149.97 84.08 1 
171.69 95.77 84.24 167.64 149.49 83.72 1 
172.38 94.76 85.25 167.28 149.81 83.19 1 
172.50 94.32 85.70 167.22 149.70 84.65 1 
172.27 94.05 85.97 167.22 149.43 84.69 1 
171.93 94.28 85.74 167.31 149.43 83.97 1 
173.66 93.78 86.23 167.26 149.41 85.58 1 
174.81 93.19 86.83 167.57 149.32 85.01 1 
177.24 91.91 88.11 168.68 149.41 85.02 1 
178.91 91.01 89.01 169.17 149.33 84.05 1 
174.68 92.88 87.13 168.06 148.48 79.77 1 
173.95 93.85 86.16 166.84 149.24 79.08 1 
173.66 93.94 86.07 166.33 155.08 79.17 1 
173.38 93.88 86.13 166.36 156.14 79.29 1 
173.16 94.58 85.44 167.18 156.86 78.93 1 
173.90 94.57 85.44 167.15 156.57 79.70 1 
171.83 94.21 85.80 169.91 156.60 78.65 1 
171.90 94.36 85.65 170.17 154.25 78.94 1 
170.29 96.39 83.62 171.56 149.36 79.12 1 
169.98 96.90 83.11 170.77 148.50 79.89 1 
169.33 96.97 83.05 170.48 148.57 78.48 1 
167.79 96.65 83.37 169.17 149.70 75.67 1 
169.26 96.47 83.55 169.23 150.41 76.43 1 
169.41 95.52 84.49 168.79 149.95 75.77 1 
168.00 98.07 81.94 169.58 149.78 75.30 1 
170.35 98.10 81.92 169.85 148.77 78.23 1 
170.57 97.41 82.60 169.71 153.60 78.16 1 
171.74 96.75 83.26 169.76 153.79 79.47 1 
175.36 94.57 85.44 168.91 156.05 82.52 1 
176.38 93.64 86.38 167.06 157.45 82.50 1 
176.79 93.22 86.79 164.79 158.45 82.51 1 
175.75 92.95 87.06 163.34 104.41 82.06 1 
176.77 92.53 87.49 165.94 105.40 83.46 1 
175.64 94.19 85.83 167.61 109.73 83.93 1 
178.23 88.77 91.25 157.02 136.74 75.71 1 
177.92 89.78 90.23 157.98 134.23 76.37 1 
178.37 90.10 89.91 159.43 127.65 76.26 1 
179.16 90.44 89.57 161.14 124.16 76.28 1 
178.81 88.94 91.07 161.51 121.97 76.42 1 
176.96 87.20 92.81 162.00 161.64 77.16 1 
176.57 86.62 93.40 162.85 164.75 77.50 1 
176.53 86.53 93.48 164.79 165.76 78.01 1 
177.23 87.37 92.64 167.09 166.25 77.88 1 
177.70 88.27 91.74 168.77 165.71 77.62 1 
172.72 92.81 87.20 169.98 165.63 73.86 1 
171.31 92.74 87.28 170.18 166.59 73.88 1 
171.08 92.30 87.71 169.67 167.27 74.00 1 
171.66 91.62 88.39 168.80 167.71 75.73 1 
171.01 91.00 89.01 168.71 168.49 75.15 1 
170.05 90.50 89.52 166.55 169.15 73.95 1 
169.48 89.91 90.10 166.24 169.07 73.97 1 
167.24 91.63 88.39 165.79 170.45 73.44 1 
168.05 93.14 86.87 165.79 170.66 74.93 1 
168.42 92.84 87.17 165.86 170.86 76.13 1 
170.58 92.86 87.16 166.66 170.78 76.90 1 
170.99 92.39 87.62 165.62 170.48 76.82 1 
170.51 92.54 87.47 164.64 169.88 75.43 1 
170.93 91.66 88.35 163.32 169.24 76.16 1 
170.83 91.56 88.45 162.66 168.88 75.75 1 
174.94 89.24 90.77 160.69 168.11 80.00 1 
174.33 90.02 89.99 160.69 166.99 80.53 1 
176.58 89.37 90.64 160.46 166.21 82.70 1 
177.38 89.05 90.97 159.77 165.47 82.19 1 
176.53 89.12 90.89 160.10 165.23 80.86 1 
173.26 89.69 90.32 160.96 167.11 78.90 1 
172.47 90.52 89.50 161.57 165.23 78.84 1 
173.33 85.79 94.23 157.35 170.21 82.90 1 
172.94 85.68 94.34 161.20 103.46 79.30 1 
173.50 86.20 93.81 161.03 103.81 79.14 1 
176.36 87.65 92.36 159.49 108.51 79.39 1 
177.96 88.75 91.26 159.57 112.78 79.22 1 
176.33 86.50 93.51 159.07 115.53 80.62 1 
177.10 87.10 92.91 159.55 116.60 81.92 1 
177.44 87.98 92.03 163.09 112.48 81.79 1 
176.15 87.11 92.90 161.63 165.94 80.70 1 
170.74 83.74 96.27 153.18 164.82 80.77 1 
167.98 82.26 97.75 150.62 164.58 81.95 1 
172.08 83.84 96.17 153.10 169.22 80.35 1 
172.02 82.96 97.05 151.61 172.17 81.45 1 
171.53 82.24 97.77 150.38 172.94 80.35 1 
171.24 82.36 97.66 149.66 171.12 80.73 1 
172.92 84.20 95.81 149.74 168.49 79.87 1 
175.28 85.79 94.23 151.18 169.52 79.56 1 
176.00 86.93 93.08 151.98 167.73 79.08 1 
176.93 87.48 92.53 152.06 166.07 77.99 1 
174.89 87.33 92.69 144.92 163.12 77.31 1 
174.27 85.99 94.02 143.08 162.53 77.78 1 
172.20 88.38 91.63 145.64 160.10 78.91 1 
174.69 87.84 92.17 150.77 160.87 78.65 1 
174.47 85.42 94.60 151.46 160.84 77.55 1 
175.95 86.25 93.76 153.16 160.44 76.34 1 
172.47 85.45 94.56 160.23 167.73 75.41 1 
172.56 85.96 94.05 160.12 168.38 75.60 1 
170.74 84.45 95.57 159.30 167.91 75.41 1 
170.70 84.70 95.31 159.59 166.22 76.41 1 
171.75 86.00 94.01 159.57 165.69 77.38 1 
172.29 85.25 94.76 158.57 166.49 78.22 1 
171.72 83.81 96.20 158.26 169.63 77.98 1 
172.30 82.57 97.44 157.54 173.78 79.14 1 
169.03 80.64 99.37 155.38 168.64 80.66 1 
173.09 92.99 87.02 165.53 160.35 81.60 1 
173.32 93.13 86.88 165.26 160.34 81.28 1 
172.57 93.02 86.99 164.85 160.42 81.88 1 
173.30 93.70 86.32 164.78 160.49 82.25 1 
172.99 93.56 86.45 164.57 160.56 81.79 1 
173.88 93.71 86.30 164.51 160.90 83.76 1 
173.55 93.49 86.53 164.28 161.51 83.06 1 
173.20 93.52 86.49 164.17 161.33 83.54 1 
173.06 93.47 86.54 164.05 161.27 82.64 1 
173.11 93.55 86.47 164.04 161.16 83.52 1 
172.96 93.77 86.24 163.99 161.14 82.68 1 
173.09 93.91 86.10 164.15 161.35 82.59 1 
172.59 94.51 85.50 164.27 161.33 83.09 1 
173.16 94.44 85.57 164.44 161.43 82.19 1 
172.12 94.31 85.71 164.38 161.48 79.98 1 
172.89 93.99 86.03 164.32 161.61 81.93 1 
172.96 93.89 86.12 164.33 161.46 81.93 1 
173.01 93.87 86.14 164.41 161.25 82.19 1 
173.11 93.74 86.28 164.53 161.12 82.24 1 
172.94 93.56 86.45 164.36 161.19 81.41 1 
172.81 93.48 86.53 164.13 161.44 81.89 1 
172.60 93.59 86.43 164.06 161.62 82.44 1 
171.42 93.73 86.28 163.40 161.21 82.22 1 
171.25 93.57 86.44 162.90 161.38 82.79 1 
172.01 93.37 86.65 163.36 161.82 82.84 1 
172.22 93.33 86.68 163.54 161.90 82.90 1 
172.45 93.27 86.75 163.60 162.20 81.79 1 
173.04 93.14 86.87 163.26 162.34 82.23 1 
172.95 93.30 86.71 163.77 162.23 83.50 1 
171.36 93.59 86.43 163.88 162.14 82.80 1 
172.27 93.25 86.76 164.30 162.21 82.49 1 
172.29 93.20 86.81 164.48 162.03 81.96 1 
171.76 93.38 86.63 164.67 161.65 82.78 1 
176.28 93.38 86.64 164.55 160.91 88.14 1 
175.43 92.65 87.36 163.97 160.78 83.59 1 
171.47 92.09 87.93 163.73 160.92 78.63 1 
170.04 91.49 88.52 163.52 160.60 77.64 1 
169.86 91.22 88.79 163.43 160.89 78.12 1 
169.27 91.33 88.68 162.85 161.07 77.09 1 
168.64 91.97 88.04 162.05 160.82 75.78 1 
165.76 92.20 87.81 161.60 161.64 73.12 1 
164.06 91.61 88.40 161.85 161.39 72.31 1 
168.30 88.98 91.03 160.09 162.26 73.91 1 
169.97 88.59 91.42 159.81 162.64 74.80 1 
170.22 88.34 91.68 160.72 162.88 75.65 1 
169.19 88.03 91.98 162.22 162.82 75.81 1 
169.72 88.11 91.90 161.30 162.17 75.27 1 
168.36 87.98 92.04 160.57 162.44 74.30 1 
164.54 87.80 92.21 160.69 162.96 70.79 1 
161.77 88.46 91.55 159.38 162.92 67.29 1 
161.76 88.01 92.00 158.60 163.28 67.16 1 
161.83 87.72 92.29 158.35 163.77 67.08 1 
160.05 87.36 92.65 158.86 163.99 66.03 1 
159.00 87.09 92.92 160.90 163.77 66.03 1 
161.12 88.89 91.12 162.15 162.57 67.38 1 
161.67 89.64 90.37 162.95 162.21 68.10 1 
163.60 89.22 90.80 160.97 162.19 68.08 1 
163.19 88.84 91.18 159.94 162.44 67.40 1 
163.20 88.43 91.58 158.01 162.86 66.51 1 
162.87 87.51 92.50 157.86 163.50 66.59 1 
161.66 85.47 94.54 157.22 164.97 65.91 1 
160.90 88.36 91.65 156.78 160.73 65.12 1 
161.52 87.93 92.09 155.42 162.47 64.27 1 
162.01 87.77 92.24 154.36 163.03 63.80 1 
162.46 87.40 92.61 155.08 164.49 64.27 1 
161.43 86.03 93.98 157.39 165.92 65.07 1 
161.34 86.06 93.95 157.74 166.50 65.35 1 
160.05 85.19 94.83 156.59 168.26 66.85 1 
158.00 85.47 94.54 161.20 168.48 66.92 1 
156.35 84.87 95.15 161.11 168.97 65.63 1 
155.53 84.80 95.22 161.38 168.31 64.82 1 
158.16 82.62 97.39 160.36 168.24 65.92 1 
155.55 83.35 96.66 161.12 168.06 63.65 1 
156.46 82.69 97.32 161.03 168.94 63.63 1 
157.97 82.91 97.11 160.91 169.76 63.76 1 
162.62 83.44 96.57 159.54 169.01 65.29 1 
163.73 84.13 95.89 158.36 168.54 64.56 1 
165.02 88.33 91.68 155.89 162.31 61.16 1 
163.92 89.78 90.24 153.97 162.93 59.15 2 
169.39 90.25 89.76 150.34 155.41 59.42 2 
172.80 90.37 89.64 148.10 152.56 60.38 2 
178.22 89.80 90.21 143.00 151.39 62.44 2 
178.43 89.48 90.53 139.09 150.28 63.49 2 
174.35 85.76 94.25 135.74 149.89 64.19 2 
172.19 85.73 94.29 131.96 146.83 63.91 2 
169.69 86.53 93.48 129.80 144.07 64.94 2 
167.95 88.04 91.97 128.95 138.46 64.68 2 
169.97 87.03 92.98 128.89 138.76 62.20 2 
171.24 86.96 93.06 128.39 138.51 60.69 2 
174.17 86.12 93.89 128.66 141.04 58.43 2 
172.90 85.89 94.12 128.55 140.61 59.14 2 
168.21 85.06 94.95 125.26 139.74 61.59 2 
168.63 84.33 95.68 124.21 140.95 61.01 2 
171.22 87.97 92.04 120.22 139.39 58.14 2 
174.52 91.71 88.31 128.49 141.82 58.14 2 
168.66 99.56 80.46 131.66 132.43 58.41 2 
168.00 99.79 80.22 131.94 127.93 58.79 2 
168.55 97.05 82.96 129.99 127.21 59.08 2 
173.90 92.00 88.01 137.53 135.82 58.80 2 
175.96 90.04 89.97 143.53 138.15 59.05 2 
175.62 86.45 93.56 144.88 140.17 59.53 2 
174.54 85.91 94.10 145.12 140.27 60.41 2 
172.17 87.44 92.57 144.74 138.33 62.39 2 
173.41 87.62 92.39 147.56 138.96 62.23 2 
175.96 89.06 90.95 149.23 139.52 61.44 2 
173.50 88.95 91.06 148.97 138.28 62.49 2 
163.51 97.34 82.68 141.95 129.39 65.04 2 
158.88 97.81 82.20 137.66 126.49 66.89 2 
156.93 92.87 87.14 132.51 127.88 68.03 2 
158.80 91.87 88.15 132.13 129.03 67.20 2 
157.45 86.88 93.14 126.81 129.10 66.29 2 
154.72 85.53 94.49 121.83 127.79 66.55 2 
152.93 84.88 95.13 118.83 126.40 66.44 2 
152.53 84.77 95.24 118.48 125.69 66.36 2 
155.78 86.52 93.49 125.25 127.12 66.03 2 
160.93 88.39 91.62 130.19 128.90 64.00 2 
161.21 86.68 93.34 130.91 133.85 64.30 2 
162.08 86.05 93.96 131.16 135.87 64.10 2 
163.02 86.56 93.45 132.20 136.15 63.95 2 
164.39 87.70 92.31 133.93 135.18 63.40 2 
164.10 88.36 91.65 135.97 133.91 64.37 2 
164.09 88.95 91.06 135.76 131.23 63.86 2 
163.49 88.98 91.03 135.36 130.16 64.43 2 
160.32 91.08 88.93 134.09 123.23 64.40 2 
160.43 91.79 88.22 135.61 122.79 64.57 2 
161.18 91.97 88.04 135.75 123.11 64.58 2 
161.31 91.14 88.87 135.91 123.37 64.84 2 
162.98 91.16 88.85 138.21 124.84 65.28 2 
162.72 91.24 88.77 137.73 124.06 65.28 2 
162.93 91.40 88.61 137.59 124.10 65.25 2 
163.92 90.41 89.60 137.96 125.20 65.17 2 
164.06 90.27 89.75 137.03 125.44 65.05 2 
163.04 91.62 88.39 137.20 124.66 64.45 2 
163.17 92.08 87.94 139.08 126.14 64.83 2 
165.21 92.31 87.70 143.14 127.68 64.64 2 
165.79 92.20 87.82 144.25 128.31 64.69 2 
164.77 90.19 89.82 141.60 129.11 64.68 2 
165.23 90.21 89.80 141.27 129.28 64.27 2 
162.91 87.73 92.28 134.75 128.25 64.05 2 
159.26 87.68 92.34 131.11 124.83 64.01 2 
160.82 89.31 90.70 129.59 123.77 61.79 2 
163.63 88.11 91.90 130.62 125.51 60.80 2 
167.12 85.59 94.42 129.72 127.21 58.06 2 
168.57 85.22 94.80 128.92 127.39 56.39 2 
167.29 84.47 95.55 127.61 125.77 56.17 2 
164.19 82.77 97.25 124.80 123.95 57.03 2 
161.91 81.61 98.41 122.55 122.42 57.88 2 
161.19 81.44 98.57 121.31 121.78 58.10 2 
163.05 84.22 95.79 121.94 121.49 57.42 2 
164.50 86.31 93.70 122.22 121.30 56.41 2 
165.57 86.98 93.03 121.86 121.08 55.51 2 
166.79 87.49 92.53 121.62 122.56 55.11 2 
167.52 87.75 92.27 122.60 122.67 54.88 2 
167.50 86.99 93.02 121.69 122.93 54.71 2 
169.63 87.65 92.37 122.91 125.23 54.38 2 
170.00 87.30 92.72 123.18 125.38 54.39 2 
170.84 87.20 92.82 123.79 127.25 54.47 2 
171.78 88.03 91.98 125.34 126.95 54.13 2 
172.73 88.58 91.44 125.17 127.18 53.48 2 
174.24 88.53 91.48 125.86 128.77 52.85 2 
176.42 87.89 92.12 127.19 133.39 51.93 2 
176.65 87.62 92.40 128.34 133.51 52.21 2 
176.32 88.16 91.86 128.63 131.55 52.03 2 
175.91 88.17 91.84 128.48 130.85 52.38 2 
175.97 88.69 91.32 129.63 129.99 52.56 2 
175.90 89.24 90.78 129.59 129.39 52.57 2 
175.55 88.84 91.18 129.13 128.32 52.25 2 
174.40 86.64 93.37 128.74 129.71 52.55 2 
174.70 87.49 92.52 129.43 128.30 52.45 2 
171.48 86.64 93.38 125.44 125.99 52.30 2 
165.81 84.49 95.53 119.26 121.53 52.31 2 
164.37 82.86 97.15 117.41 121.38 52.88 2 
165.21 83.26 96.75 119.28 122.58 52.78 2 
165.64 82.82 97.20 120.00 123.51 52.82 2 
166.74 82.41 97.60 120.65 125.43 52.75 2 
169.07 83.22 96.80 122.45 130.35 52.47 2 
167.94 83.53 96.48 122.51 129.51 52.98 2 
167.62 83.77 96.24 122.84 129.28 53.23 2 
168.30 83.94 96.07 123.13 130.38 53.11 2 
168.94 85.43 94.59 124.09 130.06 53.36 2 
167.00 86.63 93.38 123.52 128.55 53.19 2 
165.99 85.96 94.06 122.47 128.65 53.19 2 
165.37 85.08 94.93 121.24 128.55 52.85 2 
166.65 87.38 92.63 120.96 127.71 52.91 2 
166.58 86.52 93.50 121.25 128.17 52.59 2 
168.61 83.42 96.60 119.31 136.58 52.93 2 
167.38 83.47 96.54 118.77 132.69 53.13 2 
167.38 84.10 95.91 118.70 132.83 53.27 2 
169.09 85.88 94.14 122.11 132.25 52.61 2 
166.05 83.46 96.55 101.93 130.54 53.63 2 
163.23 84.37 95.65 100.76 126.86 54.30 2 
163.09 84.06 95.96 99.97 125.30 54.21 2 
160.97 78.69 101.32 96.04 125.12 54.36 2 
160.70 78.60 101.42 96.21 126.22 54.46 2 
162.11 83.14 96.87 97.76 122.84 54.89 2 
158.37 83.65 96.36 96.21 116.32 55.46 2 
156.61 82.78 97.23 96.49 116.81 55.80 2 
158.77 84.47 95.54 99.36 119.71 55.66 2 
158.48 81.69 98.32 98.48 122.72 55.64 2 
158.82 80.22 99.79 102.69 124.36 55.52 2 
155.11 81.28 98.74 118.62 125.84 59.34 2 
155.68 82.59 97.42 117.16 126.71 59.92 2 
157.59 84.78 95.23 120.75 128.55 60.60 2 
157.48 86.63 93.38 122.71 129.57 62.08 2 
157.23 85.78 94.24 121.98 130.77 62.75 2 
162.51 87.92 92.10 122.92 134.83 60.26 2 
162.59 85.08 94.93 116.21 136.64 61.07 2 
162.83 85.97 94.04 120.59 136.81 61.78 2 
161.06 85.87 94.15 121.68 135.11 62.43 2 
159.17 80.12 99.89 119.57 137.90 62.57 2 
159.23 77.62 102.39 116.93 139.09 62.72 2 
159.02 76.66 103.35 115.93 138.51 62.75 2 
153.83 76.08 103.93 114.18 135.21 65.90 2 
157.27 78.64 101.37 116.85 135.66 65.00 2 
157.38 78.75 101.26 116.11 136.16 65.24 2 
157.25 76.89 103.12 116.46 136.38 64.43 2 
156.51 75.72 104.30 118.09 135.94 64.40 2 
155.51 77.16 102.85 123.24 133.39 65.03 2 
163.29 80.00 100.01 132.02 136.95 62.95 2 
171.08 87.02 93.00 137.86 137.67 61.86 2 
169.48 85.02 94.99 137.92 135.34 61.42 2 
168.49 84.13 95.88 137.46 133.84 61.56 2 
163.72 83.82 96.20 136.02 130.76 63.33 2 
165.52 75.52 104.49 142.86 137.89 54.48 2 
146.20 60.02 119.99 143.39 142.50 43.84 2 
137.62 53.57 126.45 145.93 147.51 39.34 2 
131.35 48.04 131.97 151.25 152.34 37.52 2 
125.41 44.53 135.48 144.89 154.61 35.76 2 
122.18 44.85 135.16 138.62 154.34 33.15 2 
128.51 52.19 127.82 134.44 154.02 36.05 2 
130.91 55.89 124.12 139.49 154.04 35.69 2 
130.18 54.81 125.20 142.12 154.26 34.47 2 
130.53 55.90 124.11 142.11 154.58 33.14 2 
135.54 59.39 120.63 145.57 150.30 29.05 2 
133.88 57.47 122.54 150.27 150.62 26.85 2 
135.88 60.65 119.37 152.44 149.24 27.06 2 
149.40 68.69 111.32 149.45 144.56 36.31 2 
152.75 69.62 110.39 148.73 142.18 38.21 2 
147.01 66.35 113.66 153.76 141.72 34.44 2 
143.94 65.29 114.73 154.92 140.54 32.67 2 
146.98 67.74 112.27 154.76 136.68 34.88 2 
155.53 73.05 106.96 152.39 129.96 39.53 2 
150.96 76.04 103.98 151.50 131.13 38.88 2 
150.42 79.12 100.89 151.61 128.35 39.17 2 
149.91 78.95 101.07 151.42 125.80 39.69 2 
151.39 78.97 101.04 151.28 125.02 40.13 2 
152.39 79.34 100.67 153.47 121.64 40.29 2 
150.89 75.13 104.88 152.46 131.55 39.53 2 
152.91 73.21 106.80 152.43 135.10 40.76 2 
152.78 74.61 105.41 153.99 131.23 40.56 2 
152.49 75.24 104.78 155.26 129.66 40.26 2 
153.36 74.51 105.50 155.50 130.21 39.83 2 
136.03 56.42 123.60 160.84 142.90 27.29 2 
130.96 55.14 124.87 163.81 146.38 24.77 2 
130.45 55.23 124.78 163.51 144.22 23.84 2 
128.36 53.68 126.33 162.81 145.15 22.40 2 
125.41 76.52 103.49 135.33 166.47 35.81 2 
125.20 74.71 105.30 134.05 165.46 36.04 2 
125.31 73.64 106.38 133.74 164.71 36.39 2 
125.41 72.21 107.80 135.04 164.51 36.60 2 
125.00 69.98 110.04 133.85 163.59 37.19 2 
126.14 70.76 109.26 86.60 161.20 37.63 2 
128.04 72.44 107.57 94.25 161.43 38.19 2 
122.96 69.05 110.96 91.93 162.37 35.70 2 
124.20 69.05 110.96 97.05 161.81 37.00 2 
158.25 71.65 108.36 116.25 156.18 53.50 2 
165.30 78.42 101.60 125.99 151.75 52.64 2 
171.20 91.97 88.04 137.75 149.01 51.07 2 
170.81 94.73 85.29 142.22 146.37 50.53 2 
170.20 97.43 82.58 145.66 139.46 50.32 2 
169.81 99.06 80.95 144.77 135.10 50.06 2 
170.45 97.58 82.43 143.27 131.24 50.67 2 
171.25 97.91 82.11 142.97 129.59 51.05 2 
138.56 83.33 96.68 144.20 139.64 35.56 2 
143.53 82.65 97.37 142.25 138.40 38.17 2 
158.97 90.72 89.29 148.21 135.61 43.40 2 
169.17 94.10 85.92 142.46 134.93 47.42 2 
171.67 97.09 82.92 140.28 132.42 49.42 2 
174.60 94.41 85.60 133.43 132.16 53.49 2 
172.69 96.00 84.01 132.93 131.15 53.43 2 
177.14 90.33 89.69 129.49 126.46 52.26 2 
171.44 82.83 97.19 127.95 132.63 50.65 2 
164.47 76.99 103.03 124.28 136.10 50.25 2 
159.74 75.42 104.59 121.19 144.44 50.40 2 
157.35 72.05 107.96 118.81 147.61 50.52 2 
150.85 67.40 112.61 117.25 155.60 49.56 2 
155.32 70.43 109.59 123.14 153.34 49.88 2 
164.98 77.70 102.32 125.83 151.40 51.90 2 
142.28 86.90 93.11 140.03 164.53 37.54 2 
142.67 86.95 93.07 140.87 165.40 37.15 2 
139.34 91.31 88.71 141.31 169.31 35.03 2 
89.72 129.32 50.69 158.67 165.50 3.53 2 
88.84 126.77 53.24 160.35 165.41 1.92 2 
86.67 127.26 52.76 156.49 161.81 0.72 2 
88.20 129.63 50.38 158.09 163.09 0.18 2 
88.44 129.10 50.91 151.52 165.85 1.45 2 
87.20 127.95 52.06 153.26 166.79 2.38 2 
85.98 125.72 54.29 157.93 166.69 2.95 2 
86.46 124.01 56.01 150.39 166.51 3.34 2 
87.47 121.57 58.45 142.69 165.59 2.41 2 
86.67 120.83 59.18 145.25 163.22 3.18 2 
86.53 122.25 57.76 146.47 162.73 3.22 2 
87.11 124.00 56.02 153.12 161.10 3.06 2 
85.92 135.25 44.77 160.28 162.63 3.12 2 
84.26 141.75 38.26 157.53 161.11 3.35 2 
84.97 141.98 38.03 159.37 162.25 3.39 2 
86.44 142.31 37.70 161.11 163.94 3.45 2 
87.00 142.51 37.50 162.72 165.11 3.91 2 
87.10 142.51 37.51 163.39 165.87 4.76 2 
83.03 136.56 43.45 162.63 167.26 10.21 2 
84.16 136.64 43.37 129.29 163.42 8.83 2 
83.19 140.18 39.83 129.63 160.39 8.12 2 
80.90 138.70 41.32 127.93 157.51 9.01 2 
79.88 139.65 40.36 133.23 157.26 9.71 2 
79.45 141.88 38.13 124.40 156.98 10.08 2 
75.62 135.40 44.61 115.92 164.48 9.48 2 
77.23 131.84 48.17 116.03 165.11 9.30 2 
135.33 89.86 90.15 153.92 144.42 26.14 2 
136.95 88.20 91.81 154.11 151.63 28.46 2 
140.43 86.61 93.40 153.63 153.60 32.64 2 
138.40 85.46 94.55 150.90 156.47 33.37 2 
136.66 85.10 94.91 150.36 156.73 33.92 2 
138.85 84.50 95.51 149.82 153.66 35.43 2 
140.21 86.29 93.72 151.62 151.96 36.27 2 
143.06 92.85 87.16 154.21 145.34 36.67 2 
143.83 94.47 85.54 154.12 144.96 38.66 2 
145.32 98.27 81.75 154.89 143.62 40.21 2 
147.82 100.03 79.98 154.86 144.76 43.41 2 
148.94 101.87 78.15 154.86 145.56 44.99 2 
149.70 103.09 76.92 155.32 147.15 46.86 2 
149.67 103.67 76.34 156.22 148.35 47.33 2 
148.97 105.62 74.39 157.88 148.33 47.61 2 
147.67 106.97 73.04 158.94 149.11 47.23 2 
147.55 107.20 72.81 159.93 149.81 47.76 2 
146.67 106.80 73.21 161.25 150.02 47.89 2 
145.08 102.38 77.63 166.26 150.95 48.60 2 
145.99 104.62 75.40 165.56 152.32 51.33 2 
148.28 102.82 77.19 163.11 155.79 53.03 2 
148.80 102.84 77.17 160.77 155.75 53.51 2 
151.27 102.70 77.31 159.70 156.32 55.52 2 
158.91 100.75 79.26 156.12 157.80 59.81 2 
167.34 97.62 82.39 151.95 157.68 64.95 1 
171.28 96.14 83.88 148.92 157.99 67.67 1 
173.22 96.05 83.97 147.89 157.86 68.91 1 
174.27 95.75 84.26 145.92 163.01 70.62 1 
173.70 95.71 84.30 143.55 161.44 71.51 1 
172.41 96.26 83.75 142.93 160.96 72.17 1 
171.82 96.34 83.67 143.48 162.03 73.15 1 
171.73 95.61 84.40 142.19 162.02 73.87 1 
170.55 95.47 84.54 141.88 161.91 74.70 1 
170.05 95.22 84.80 141.91 161.60 75.58 1 
169.87 94.70 85.31 140.97 162.14 76.43 1 
171.74 91.34 88.68 134.73 163.46 76.35 1 
174.72 92.02 87.99 138.83 165.15 77.48 1 
176.53 91.92 88.09 140.59 165.80 77.07 1 
176.74 92.55 87.46 142.78 165.99 77.37 1 
175.18 93.83 86.18 146.73 165.72 77.10 1 
175.31 93.87 86.15 147.12 165.40 77.05 1 
175.37 93.37 86.65 146.50 165.59 77.76 1 
173.53 92.70 87.31 141.09 165.50 77.43 1 
172.86 92.13 87.88 138.98 165.53 77.33 1 
174.35 92.24 87.77 141.00 165.62 77.19 1 
174.81 91.27 88.74 141.63 165.72 78.52 1 
175.50 91.03 88.98 140.77 164.85 76.77 1 
173.74 92.77 87.25 142.57 164.60 76.09 1 
169.54 91.73 88.28 136.74 161.80 76.08 1 
164.70 87.82 92.20 128.10 158.11 76.59 1 
166.83 90.08 89.93 131.11 156.74 75.23 1 
166.53 90.25 89.76 131.56 154.51 74.39 1 
166.25 86.16 93.85 128.77 155.45 74.75 1 
166.90 85.97 94.04 127.72 154.40 71.99 1 
161.91 87.33 92.69 127.26 149.58 73.06 1 
161.64 89.12 90.89 130.37 148.88 72.99 1 
156.98 89.84 90.17 125.78 145.40 72.45 1 
156.90 95.88 84.13 130.89 143.83 70.22 1 
160.74 94.15 85.86 133.09 149.40 69.84 1 
158.87 92.20 87.81 131.28 150.12 70.35 1 
156.06 89.99 90.02 128.93 149.10 70.84 1 
164.08 86.62 93.39 127.58 152.42 65.47 2 
165.93 81.17 98.84 121.34 157.58 63.18 2 
163.13 78.58 101.44 116.55 153.53 61.71 2 
168.63 80.00 100.01 116.35 154.74 56.54 2 
164.68 84.33 95.68 119.22 170.14 50.55 2 
161.82 86.88 93.13 119.10 176.51 49.99 2 
167.30 85.37 94.64 118.43 167.58 51.60 2 
171.60 82.17 97.85 118.11 161.79 54.73 2 
170.10 80.13 99.88 117.57 157.53 55.85 2 
169.41 79.80 100.21 119.02 157.05 52.87 2 
169.46 79.50 100.51 118.42 154.68 53.64 2 
167.66 77.67 102.34 115.92 151.44 53.59 2 
168.94 78.97 101.04 117.50 151.74 54.21 2 
170.13 80.18 99.84 119.30 150.14 53.87 2 
172.28 84.76 95.26 120.65 144.52 53.86 2 
172.61 84.64 95.37 122.78 145.96 54.67 2 
170.07 80.61 99.40 123.23 149.74 55.72 2 
168.53 79.57 100.45 121.28 148.43 56.65 2 
164.17 77.31 102.70 120.04 145.13 59.37 2 
163.85 77.40 102.61 119.88 145.28 60.24 2 
165.60 79.57 100.44 121.01 147.78 61.57 2 
169.12 79.13 100.88 122.56 153.98 57.13 2 
167.29 78.16 101.85 122.17 155.77 55.24 2 
165.50 76.88 103.13 121.13 155.17 54.62 2 
164.31 75.90 104.11 120.36 155.20 54.76 2 
163.76 74.65 105.37 119.16 153.80 55.31 2 
164.44 74.93 105.08 119.10 153.65 56.25 2 
160.32 74.76 105.26 119.89 158.98 54.08 2 
159.51 73.52 106.50 119.51 159.22 55.50 2 
159.59 74.07 105.94 119.23 159.78 55.16 2 
162.82 73.86 106.15 116.62 154.75 56.18 2 
162.56 73.61 106.41 117.80 155.27 56.56 2 
154.56 76.52 103.50 112.63 138.36 65.68 2 
152.88 76.44 103.57 112.44 137.75 67.00 2 
153.65 76.60 103.41 113.67 138.73 66.56 2 
152.09 72.17 107.85 106.21 139.13 66.00 2 
154.91 71.61 108.40 109.59 140.61 63.91 2 
155.35 72.94 107.07 110.89 140.60 64.53 2 
154.55 74.79 105.22 111.79 137.33 65.01 2 
155.02 75.18 104.83 112.82 137.20 65.05 2 
154.30 76.06 103.96 112.05 136.57 65.33 2 
154.21 76.03 103.98 111.81 137.19 66.22 2 
154.04 75.56 104.45 111.16 137.48 66.21 2 
153.17 75.90 104.11 110.14 137.24 66.86 2 
151.62 77.13 102.89 110.06 137.20 68.35 2 
150.44 77.35 102.66 110.37 137.48 69.90 2 
150.09 77.43 102.59 109.94 138.07 70.22 2 
149.52 78.43 101.59 109.45 137.47 70.24 2 
149.90 77.32 102.69 109.52 137.40 69.22 2 
150.05 76.04 103.97 109.73 138.39 69.61 2 
149.09 75.45 104.56 108.82 137.52 69.86 2 
151.38 73.36 106.65 108.89 139.84 68.59 2 
151.51 73.36 106.65 107.71 139.72 68.15 2 
151.67 73.55 106.47 107.39 139.91 67.93 2 
149.31 77.28 102.73 106.71 136.10 68.18 2 
147.88 78.15 101.87 108.95 135.30 70.04 2 
152.10 75.45 104.57 111.43 139.61 68.75 2 
150.45 75.56 104.46 109.40 138.23 69.46 2 
153.18 73.65 106.36 104.97 140.64 66.34 2 
155.99 70.07 109.95 102.90 147.93 64.50 2 
158.09 69.27 110.74 104.85 152.59 63.90 2 
160.53 72.01 108.01 109.03 151.12 63.70 2 
158.69 69.70 110.31 105.64 151.37 63.47 2 
157.90 68.28 111.73 104.70 153.08 63.37 2 
157.74 68.05 111.96 104.80 153.33 63.16 2 
157.39 68.03 111.99 104.90 151.69 63.53 2 
156.96 68.16 111.85 105.27 150.34 63.81 2 
159.18 72.09 107.92 107.00 149.39 63.93 2 
160.00 76.00 104.01 110.98 145.78 64.26 2 
157.94 76.58 103.44 111.15 143.97 65.67 2 
156.40 77.35 102.66 111.18 143.01 66.64 2 
154.25 78.31 101.70 111.23 140.86 67.57 2 
163.38 76.60 103.41 113.38 148.22 62.80 2 
162.47 75.39 104.62 113.92 148.80 63.27 2 
161.36 74.23 105.78 114.23 148.83 64.08 2 
158.62 74.04 105.98 113.45 146.31 65.34 2 
157.52 73.15 106.86 112.72 147.63 65.93 2 
159.59 75.30 104.71 112.31 153.37 66.53 2 
158.46 73.69 106.32 112.21 154.21 66.88 2 
154.72 73.07 106.94 98.65 148.66 67.40 2 
153.33 74.43 105.59 100.37 144.85 68.03 2 
152.21 76.60 103.42 102.32 141.56 68.32 2 
150.90 76.82 103.20 100.16 139.58 67.07 2 
152.90 78.24 101.78 102.68 140.28 66.05 2 
152.75 79.75 100.26 105.11 139.13 66.79 2 
152.32 80.98 99.03 108.66 138.43 68.12 2 
152.43 77.17 102.84 108.64 138.37 68.18 2 
152.82 76.15 103.86 107.74 136.92 66.32 2 
153.22 75.12 104.89 108.68 136.81 65.45 2 
153.96 71.78 108.23 102.06 140.95 65.62 2 
155.45 69.83 110.18 102.44 145.78 64.63 2 
156.64 69.93 110.08 103.74 147.84 64.32 2 
156.49 70.33 109.68 104.57 145.57 64.35 2 
159.36 72.95 107.06 106.09 145.84 63.35 2 
158.65 72.83 107.18 106.68 145.15 63.70 2 
157.71 71.12 108.89 106.64 146.15 64.17 2 
155.26 68.57 111.44 103.20 145.24 63.99 2 
155.96 68.89 111.12 104.49 145.70 64.22 2 
158.13 70.07 109.94 105.79 147.67 63.50 2 
162.35 73.38 106.63 109.87 149.45 62.35 2 
159.97 70.98 109.04 115.46 149.00 62.87 2 
161.91 72.25 107.76 112.50 147.93 61.43 2 
159.00 69.20 110.81 110.53 148.83 61.84 2 
162.09 73.01 107.00 113.50 146.28 61.91 2 
162.96 76.97 103.05 114.68 140.85 62.95 2 
162.82 78.38 101.63 115.35 138.91 63.40 2 
164.77 80.68 99.34 116.46 138.14 62.74 2 
159.41 83.94 96.07 118.85 133.15 66.09 2 
159.05 84.28 95.73 121.11 134.55 67.04 2 
160.14 82.97 97.05 119.27 135.28 66.21 2 
158.96 80.41 99.61 113.59 135.32 65.54 2 
156.86 76.58 103.43 110.80 136.11 65.92 2 
157.65 76.50 103.51 114.41 138.61 65.59 2 
156.89 76.23 103.79 113.93 138.81 66.28 2 
157.28 77.19 102.82 116.28 139.23 66.18 2 
157.05 78.57 101.44 118.04 138.58 66.14 2 
161.04 80.72 99.30 121.52 141.47 66.60 2 
159.14 79.12 100.89 119.65 142.11 67.47 2 
156.46 77.64 102.38 117.76 140.43 68.05 2 
156.00 76.80 103.21 116.63 140.41 68.10 2 
158.10 77.52 102.49 117.74 141.76 67.55 2 
160.25 77.82 102.19 116.99 143.72 67.15 2 
159.46 77.01 103.00 116.64 143.04 67.03 2 
158.02 76.62 103.39 115.05 142.06 66.67 2 
157.56 76.74 103.27 115.98 140.98 66.78 2 
159.30 77.22 102.80 118.00 141.73 67.01 2 
159.47 77.49 102.52 117.74 141.56 66.43 2 
163.67 79.61 100.41 125.50 144.70 67.08 2 
162.26 78.76 101.25 123.84 144.17 67.71 2 
161.28 78.35 101.66 122.24 143.50 67.80 2 
157.70 76.92 103.09 119.80 140.19 68.27 2 
155.71 75.98 104.03 118.04 138.29 67.81 2 
155.36 76.10 103.91 116.28 138.45 67.81 2 
153.84 76.24 103.77 113.62 137.07 67.76 2 
153.31 75.82 104.19 113.65 136.64 67.87 2 
150.84 77.11 102.90 112.35 131.28 68.18 2 
151.72 78.07 101.94 111.57 132.26 67.78 2 
155.48 80.35 99.66 114.02 134.13 65.72 2 
151.61 79.03 100.98 109.36 130.81 65.80 2 
149.57 80.91 99.11 109.88 128.99 66.08 2 
147.31 81.24 98.77 109.23 126.63 66.58 2 
149.16 81.34 98.68 117.75 129.84 67.78 2 
155.01 87.60 92.41 127.15 131.96 67.35 2 
159.15 84.32 95.69 130.25 140.79 67.10 2 
157.32 80.80 99.21 122.76 139.17 66.60 2 
159.51 78.75 101.26 121.11 142.53 65.95 2 
160.94 74.75 105.27 116.49 147.81 65.98 2 
161.58 75.23 104.78 117.94 147.06 65.55 2 
158.78 73.21 106.80 117.12 146.90 66.06 2 
157.70 73.37 106.64 116.22 146.07 66.62 2 
156.36 74.27 105.74 115.73 142.99 66.16 2 
156.25 76.34 103.68 114.48 140.93 66.42 2 
156.61 77.96 102.06 115.32 140.38 66.35 2 
157.95 78.32 101.70 114.40 140.57 66.20 2 
156.86 80.07 99.94 115.87 138.87 67.14 2 
153.31 77.96 102.05 107.87 135.80 67.65 2 
149.81 77.72 102.30 108.94 132.55 68.64 2 
147.46 77.51 102.50 108.05 127.40 67.98 2 
150.37 76.89 103.13 110.34 130.64 67.21 2 
152.05 75.51 104.51 125.33 134.13 67.10 2 
153.78 76.74 103.27 132.70 134.89 67.01 2 
160.44 81.58 98.43 137.75 137.60 65.40 2 
159.01 80.24 99.78 137.84 137.83 65.98 2 
158.19 79.38 100.63 129.64 137.71 65.86 2 
156.78 79.78 100.23 130.80 136.26 66.21 2 
157.74 78.89 101.12 128.18 138.01 66.45 2 
155.87 77.35 102.66 129.55 138.57 67.05 2 
156.83 77.30 102.71 128.39 139.80 67.14 2 
157.14 78.07 101.95 128.33 139.17 67.32 2 
156.82 78.86 101.15 129.78 138.96 67.10 2 
156.00 78.99 101.03 128.15 138.11 66.96 2 
154.87 79.98 100.03 124.83 133.77 66.49 2 
157.89 78.54 101.47 125.13 137.70 66.49 2 
168.02 83.14 96.88 127.98 142.99 63.90 2 
163.63 83.54 96.48 124.16 136.15 65.06 2 
161.14 78.64 101.37 115.72 138.67 64.67 2 
161.91 80.01 100.00 116.88 138.18 65.07 2 
161.44 74.23 105.78 115.48 143.39 63.07 2 
156.32 69.71 110.31 113.93 143.14 63.50 2 
160.22 74.90 105.11 119.65 143.57 64.02 2 
158.44 71.69 108.32 116.75 144.51 62.93 2 
158.53 71.93 108.08 117.64 144.80 63.05 2 
156.69 71.79 108.23 113.12 142.55 62.81 2 
161.20 77.28 102.74 119.66 139.93 62.41 2 
164.52 76.26 103.76 123.49 150.67 61.62 2 
163.25 75.93 104.08 116.05 148.10 61.71 2 
162.44 75.47 104.54 112.99 146.60 61.88 2 
160.02 73.56 106.46 108.54 144.80 61.17 2 
159.15 72.60 107.41 108.60 143.95 60.77 2 
161.74 76.62 103.39 111.77 138.84 59.85 2 
156.67 74.57 105.44 111.99 131.05 58.68 2 
158.02 75.04 104.97 117.33 132.68 58.25 2 
158.90 81.05 98.96 115.90 129.45 58.64 2 
159.05 83.77 96.25 116.15 124.03 57.38 2 
160.06 85.83 94.19 117.83 124.05 57.21 2 
160.75 85.69 94.33 118.54 126.13 57.15 2 
162.46 86.02 94.00 120.31 126.99 56.70 2 
164.05 86.31 93.70 122.69 126.83 55.54 2 
164.68 85.15 94.87 121.65 127.63 54.85 2 
158.55 78.49 101.52 115.34 127.84 56.78 2 
159.08 77.39 102.62 112.77 129.79 55.85 2 
161.84 79.58 100.44 116.94 130.66 55.14 2 
167.96 82.02 97.99 124.55 134.88 54.03 2 
166.92 80.69 99.32 122.96 135.52 53.59 2 
165.44 79.95 100.06 120.74 135.07 53.73 2 
165.22 84.17 95.85 121.74 132.73 54.48 2 
166.54 83.31 96.71 121.98 133.98 53.84 2 
171.60 85.61 94.40 129.40 138.06 53.45 2 
169.91 86.55 93.47 126.13 136.40 54.01 2 
169.56 84.90 95.11 123.07 136.92 53.50 2 
165.32 80.55 99.46 120.54 136.94 54.81 2 
167.05 81.36 98.65 120.66 137.63 54.15 2 
170.66 81.54 98.48 120.29 141.35 51.64 2 
171.17 82.29 97.72 122.01 141.19 52.28 2 
172.32 82.43 97.58 121.80 142.41 50.84 2 
171.00 81.02 98.99 121.30 142.13 50.85 2 
169.31 80.25 99.76 118.63 137.09 51.17 2 
170.04 81.22 98.79 119.41 138.38 51.76 2 
171.87 81.90 98.12 121.59 145.38 52.09 2 
171.04 81.03 98.98 120.03 146.43 51.98 2 
170.86 81.08 98.93 118.91 142.60 51.89 2 
170.02 80.49 99.52 117.25 141.58 51.90 2 
168.11 78.43 101.58 115.42 141.42 51.43 2 
170.34 80.69 99.32 117.22 141.76 51.25 2 
172.09 82.48 97.53 118.71 141.58 50.82 2 
171.48 81.87 98.14 118.10 141.28 50.74 2 
171.22 81.73 98.28 117.37 141.19 51.41 2 
171.25 81.66 98.36 117.62 141.91 51.15 2 
172.55 82.69 97.32 118.99 149.08 51.63 2 
167.71 79.25 100.76 119.87 150.95 49.70 2 
161.34 77.57 102.44 120.51 163.11 49.32 2 
162.36 78.19 101.83 124.30 164.28 50.05 2 
162.87 78.50 101.51 110.44 164.66 50.48 2 
164.26 78.55 101.47 109.96 161.93 50.60 2 
167.47 80.06 99.95 110.78 158.44 51.26 2 
169.19 81.07 98.94 110.97 156.57 51.91 2 
86.90 115.63 64.38 97.88 157.94 2.95 2 
85.65 113.28 66.73 101.00 157.30 2.74 2 
85.48 110.75 69.27 96.14 159.23 2.56 2 
89.33 110.84 69.17 94.29 164.85 2.65 2 
89.51 109.81 70.21 91.71 166.23 2.14 2 
89.52 108.82 71.20 98.03 166.15 2.11 2 
86.69 104.50 75.52 95.98 166.41 1.06 2 
87.20 104.30 75.71 98.00 166.05 1.36 2 
87.27 104.90 75.11 104.53 165.79 1.68 2 
83.13 102.27 77.74 110.33 160.86 1.69 2 
83.09 102.63 77.38 113.32 158.55 2.15 2 
83.33 103.59 76.42 91.65 159.42 2.02 2 
83.64 103.78 76.24 92.23 160.37 2.32 2 
85.33 107.64 72.38 94.20 160.52 2.31 2 
79.55 100.34 79.67 154.30 154.57 2.16 2 
78.91 97.81 82.20 153.97 157.38 2.17 2 
80.31 98.79 81.22 156.09 158.25 1.88 2 
82.29 98.52 81.49 157.55 159.15 2.05 2 
82.32 99.88 80.14 158.02 159.65 2.51 2 
82.58 99.78 80.23 158.47 159.83 2.52 2 
83.08 99.37 80.65 158.44 160.71 2.68 2 
83.15 98.76 81.25 158.18 161.40 2.52 2 
86.07 95.52 84.49 160.34 160.42 2.37 2 
87.41 94.94 85.08 160.38 164.56 2.37 2 
86.41 95.57 84.44 155.07 164.40 2.38 2 
85.94 95.72 84.29 154.57 164.19 2.23 2 
85.34 96.22 83.79 94.36 163.57 2.21 2 
83.42 98.36 81.65 162.87 165.34 2.05 2 
111.22 78.46 101.55 159.38 118.38 25.13 2 
113.74 78.24 101.78 160.22 118.47 27.93 2 
114.61 78.61 101.41 159.28 119.73 29.86 2 
116.36 77.23 102.78 151.86 124.81 32.69 2 
118.52 78.83 101.18 154.01 123.58 35.55 2 
130.07 77.84 102.18 154.60 125.13 45.33 2 
143.18 79.30 100.71 155.71 127.64 55.02 2 
152.28 82.64 97.38 157.21 130.27 62.35 2 
157.53 85.38 94.63 158.14 131.41 66.34 1 
166.28 91.56 88.46 158.90 131.29 73.41 1 
168.89 91.74 88.28 158.76 130.54 74.95 1 
172.81 90.87 89.14 157.39 128.59 77.67 1 
176.34 92.19 87.82 157.40 127.54 81.35 1 
177.29 91.45 88.56 155.87 124.01 82.37 1 
176.42 91.28 88.73 155.47 121.73 82.32 1 
175.37 92.01 88.00 155.13 117.34 82.95 1 
174.85 92.48 87.53 155.17 117.27 83.02 1 
174.85 93.45 86.57 155.78 116.68 83.15 1 
174.56 94.45 85.56 156.01 116.61 83.40 1 
174.90 94.69 85.33 156.11 116.94 83.00 1 
174.47 94.59 85.42 156.04 115.86 82.69 1 
174.72 94.74 85.27 156.65 115.71 84.07 1 
174.15 95.39 84.62 157.32 117.04 83.89 1 
173.85 95.94 84.07 158.07 118.65 83.86 1 
173.89 96.03 83.99 158.04 117.50 85.31 1 
175.01 94.92 85.09 153.37 118.03 83.32 1 
174.72 95.30 84.72 154.85 117.32 84.89 1 
174.91 94.39 85.62 152.76 115.77 83.24 1 
174.09 95.42 84.60 155.20 115.56 84.94 1 
173.47 95.87 84.14 156.65 118.79 83.76 1 
173.31 96.15 83.86 157.02 117.26 83.52 1 
172.94 96.49 83.53 142.58 116.52 83.80 1 
172.84 96.70 83.31 162.19 116.70 84.38 1 
172.60 97.10 82.92 162.09 117.64 83.43 1 
172.23 97.50 82.51 162.21 117.56 83.76 1 
171.93 97.82 82.19 162.50 117.49 82.86 1 
171.82 97.87 82.14 162.57 116.91 83.49 1 
171.84 97.92 82.10 162.82 116.92 83.06 1 
171.94 97.89 82.13 162.82 117.40 82.88 1 
172.24 97.64 82.37 162.86 117.97 83.57 1 
172.33 97.61 82.40 163.51 117.82 83.04 1 
172.44 97.50 82.51 163.33 117.52 83.91 1 
172.65 97.25 82.76 163.08 117.80 82.99 1 
173.01 96.58 83.44 162.84 117.12 82.75 1 
172.64 96.39 83.63 163.03 115.59 82.18 1 
171.92 96.17 83.84 163.72 115.54 80.45 1 
171.57 95.33 84.68 162.70 120.15 80.17 1 
176.47 92.53 87.48 155.18 124.16 79.90 1 
176.87 92.98 87.03 157.04 125.32 79.46 1 
173.04 94.84 85.17 157.82 127.79 82.10 1 
170.83 94.70 85.31 157.21 128.42 80.83 1 
172.99 92.88 87.13 155.47 128.16 78.43 1 
172.67 92.10 87.91 153.99 128.97 76.91 1 
171.74 91.16 88.85 153.18 129.81 76.31 1 
169.95 90.84 89.18 152.20 132.42 75.57 1 
172.34 88.85 91.16 151.03 132.68 72.73 1 
172.81 90.63 89.38 150.76 134.12 71.74 1 
166.65 91.20 88.82 149.55 138.97 73.57 1 
160.38 86.94 93.07 145.83 141.65 74.19 1 
167.24 88.46 91.55 147.30 136.79 71.26 1 
172.22 89.54 90.47 154.65 134.69 68.70 1 
169.65 85.14 94.87 153.92 134.91 67.48 1 
164.27 81.19 98.82 151.36 137.16 67.03 1 
165.45 79.72 100.29 148.55 138.13 64.32 2 
164.47 79.07 100.94 144.76 141.83 62.69 2 
171.66 86.28 93.74 144.63 143.44 61.08 2 
175.23 85.22 94.79 140.54 139.75 55.90 2 
178.78 88.85 91.16 136.35 141.01 54.18 2 
176.56 86.55 93.46 129.92 140.77 50.69 2 
174.92 85.39 94.63 128.13 140.58 47.44 2 
169.57 91.39 88.62 133.83 140.85 45.11 2 
164.26 89.49 90.52 143.10 142.97 44.20 2 
162.17 91.25 88.76 145.27 143.09 43.24 2 
165.29 94.10 85.92 139.99 141.85 44.57 2 
164.97 96.87 83.14 140.77 141.05 45.02 2 
167.75 91.48 88.53 139.61 142.32 45.87 2 
143.51 76.95 103.06 155.96 147.20 31.97 2 
139.82 73.16 106.86 155.80 149.29 29.89 2 
148.97 79.71 100.30 153.59 144.25 36.07 2 
151.29 78.27 101.74 151.35 147.07 38.30 2 
156.75 80.04 99.98 149.77 142.78 41.03 2 
167.69 85.32 94.70 145.48 135.93 46.88 2 
175.84 91.21 88.80 141.82 122.05 49.88 2 
176.33 93.68 86.33 139.62 116.29 51.24 2 
170.08 94.10 85.92 145.89 113.23 47.47 2 
166.81 93.05 86.97 151.38 116.04 47.18 2 
162.45 94.57 85.44 155.63 117.18 46.72 2 
164.91 95.94 84.07 152.54 115.65 46.95 2 
163.83 94.12 85.90 155.48 115.63 46.13 2 
160.05 91.80 88.21 161.48 120.06 45.57 2 
159.11 92.04 87.97 162.12 119.72 45.20 2 
159.29 90.64 89.37 160.29 120.63 44.29 2 
156.67 85.52 94.49 165.29 124.55 43.73 2 
151.53 78.56 101.45 166.76 130.41 40.82 2 
150.97 76.65 103.36 165.65 129.39 39.36 2 
150.08 76.32 103.69 165.02 131.24 38.40 2 
150.66 76.77 103.25 161.32 131.90 38.12 2 
149.29 75.23 104.79 162.70 134.42 37.60 2 
147.60 73.19 106.82 163.57 136.13 36.89 2 
147.64 73.54 106.47 163.79 135.33 36.75 2 
147.00 72.78 107.24 165.37 135.32 36.22 2 
146.46 71.66 108.35 166.72 136.43 36.28 2 
145.00 69.72 110.29 168.28 137.38 35.54 2 
143.61 74.65 105.36 159.78 153.65 47.22 2 
149.60 80.08 99.94 158.96 150.23 53.47 2 
151.16 78.61 101.40 159.41 152.42 58.25 2 
156.37 82.77 97.24 159.65 149.87 63.46 1 
159.57 80.63 99.38 157.36 153.60 66.30 1 
164.13 80.82 99.19 156.85 155.33 68.94 1 
167.61 80.48 99.53 156.03 156.62 70.79 1 
169.64 80.22 99.79 157.71 157.42 74.00 1 
167.67 77.80 102.21 155.40 158.21 74.34 1 
166.37 76.70 103.31 153.08 160.14 75.22 1 
165.11 75.91 104.11 148.38 158.87 75.10 1 
167.30 78.19 101.82 151.19 155.37 75.89 1 
169.04 80.06 99.96 154.99 154.45 76.48 1 
171.80 82.49 97.52 157.26 151.78 76.29 1 
173.69 84.73 95.29 158.04 148.35 77.43 1 
173.82 85.56 94.46 157.73 147.26 77.52 1 
175.09 85.24 94.77 158.10 147.88 76.59 1 
174.26 84.44 95.58 155.15 148.10 75.40 1 
172.97 84.46 95.55 152.12 145.43 74.90 1 
171.18 85.03 94.98 151.00 145.12 75.25 1 
171.83 84.38 95.63 151.51 145.85 74.65 1 
172.66 85.98 94.03 152.34 144.73 75.18 1 
175.94 88.37 91.65 153.39 140.32 74.65 1 
175.27 87.26 92.76 157.03 143.86 75.42 1 
176.15 87.47 92.54 118.12 143.38 74.85 1 
171.00 90.40 89.61 158.98 135.93 74.54 1 
167.52 91.09 88.92 157.79 133.41 74.73 1 
167.56 91.38 88.63 157.08 132.26 75.20 1 
170.72 90.36 89.66 156.81 133.09 73.61 1 
169.15 89.71 90.31 155.46 132.82 73.61 1 
165.22 86.08 93.93 143.88 131.78 72.07 1 
159.72 82.47 97.54 133.20 130.29 72.70 1 
163.22 83.75 96.26 134.61 131.29 70.69 1 
167.72 87.83 92.19 141.94 129.39 68.45 1 
175.17 89.35 90.67 154.78 130.86 65.26 1 
179.61 89.71 90.30 162.22 132.09 63.67 1 
178.99 91.03 88.99 158.41 128.12 61.73 1 
176.29 90.97 89.05 135.09 129.72 60.89 2 
175.34 85.68 94.34 138.50 131.42 59.89 2 
172.53 82.81 97.20 137.02 133.68 59.49 2 
174.27 84.74 95.27 137.93 135.01 58.72 2 
173.19 86.74 93.27 132.96 135.99 58.06 2 
172.26 84.54 95.48 131.93 136.27 57.18 2 
169.36 79.35 100.66 149.82 136.24 57.72 2 
166.02 76.81 103.20 147.54 135.14 58.51 2 
164.82 75.61 104.40 147.86 135.14 57.87 2 
170.32 82.47 97.54 146.69 126.56 58.79 2 
174.58 86.11 93.90 140.00 124.99 56.74 2 
174.40 85.90 94.11 142.57 123.71 56.50 2 
175.16 85.44 94.57 150.67 129.90 56.72 2 
172.87 82.94 97.07 151.85 138.31 57.01 2 
170.65 80.65 99.36 148.13 141.60 56.97 2 
158.22 73.22 106.79 113.26 130.47 57.04 2 
155.47 77.32 102.69 112.07 120.12 58.54 2 
155.22 80.49 99.53 113.19 116.84 59.16 2 
156.46 80.31 99.70 114.95 119.15 58.63 2 
159.23 81.19 98.83 120.03 120.91 58.67 2 
165.08 81.27 98.75 126.76 124.13 56.33 2 
162.97 75.82 104.19 125.93 127.88 54.51 2 
164.16 78.03 101.98 126.72 127.64 55.11 2 
168.28 85.41 94.60 126.25 121.20 56.00 2 
167.28 86.74 93.28 125.22 122.20 56.97 2 
167.34 86.18 93.83 124.81 124.94 57.09 2 
165.30 85.90 94.11 123.64 123.74 56.84 2 
165.12 83.94 96.08 123.36 128.21 56.17 2 
159.00 79.14 100.87 122.50 129.15 57.68 2 
154.10 81.06 98.95 120.69 124.37 60.07 2 
161.03 81.39 98.63 124.14 129.03 58.90 2 
164.75 81.78 98.24 125.60 131.79 57.79 2 
166.29 81.07 98.95 127.24 136.11 57.66 2 
168.59 79.75 100.26 129.34 144.57 56.97 2 
168.39 78.72 101.29 131.08 147.50 56.73 2 
164.77 74.77 105.24 131.61 154.14 55.98 2 
164.88 75.90 104.11 143.69 162.12 55.77 2 
163.37 78.62 101.40 147.41 165.83 53.16 2 
164.84 78.73 101.28 144.66 164.60 53.76 2 
154.08 69.08 110.93 142.21 166.13 49.33 2 
153.95 67.05 112.97 140.09 163.84 49.70 2 
156.51 70.19 109.83 139.90 164.66 50.91 2 
158.71 93.03 86.98 153.69 167.09 51.49 2 
157.21 89.73 90.28 156.33 170.52 51.33 2 
160.37 92.14 87.87 146.13 168.28 50.64 2 
160.64 84.86 95.15 140.37 168.53 50.38 2 
160.74 84.38 95.64 139.04 168.21 50.34 2 
159.21 81.71 98.30 135.15 168.12 48.87 2 
158.05 80.94 99.07 135.15 166.78 47.49 2 
156.84 78.85 101.16 134.44 166.87 47.80 2 
156.14 73.71 106.30 131.19 164.71 48.74 2 
156.91 78.77 101.24 131.62 167.30 47.92 2 
156.01 79.90 100.11 132.05 165.78 47.55 2 
154.70 78.41 101.61 133.49 166.01 47.24 2 
157.87 78.76 101.25 132.68 162.06 47.69 2 
166.16 82.74 97.27 127.11 147.23 47.55 2 
171.04 85.64 94.37 124.14 140.13 47.90 2 
168.82 82.71 97.30 121.18 140.64 47.66 2 
158.42 79.57 100.44 120.48 165.25 47.42 2 
160.73 79.94 100.07 121.22 159.45 46.82 2 
157.48 75.01 105.00 118.68 158.35 46.62 2 
159.27 76.30 103.72 119.98 157.11 46.88 2 
157.72 81.52 98.50 129.85 162.39 46.84 2 
159.32 83.54 96.48 131.24 164.20 47.35 2 
162.99 76.62 103.39 119.24 148.88 47.31 2 
163.68 78.31 101.70 115.73 151.98 46.55 2 
164.70 78.81 101.21 115.26 153.52 46.61 2 
166.56 84.22 95.79 121.94 155.16 46.53 2 
161.67 86.86 93.15 129.60 164.83 46.83 2 
163.11 87.02 93.00 138.31 163.11 47.52 2 
162.93 87.17 92.84 137.24 162.88 47.31 2 
163.61 85.53 94.48 132.96 160.82 48.12 2 
161.75 83.26 96.75 127.88 160.93 47.64 2 
160.38 81.03 98.98 121.36 160.40 47.02 2 
159.53 80.57 99.44 121.86 160.68 47.03 2 
160.46 82.08 97.93 122.40 159.72 46.92 2 
156.44 81.74 98.27 129.28 160.29 47.07 2 
160.61 80.70 99.31 137.74 153.46 47.58 2 
166.27 83.62 96.39 132.74 145.01 47.85 2 
167.22 85.44 94.57 129.91 145.72 48.61 2 
171.66 87.70 92.32 120.63 141.73 48.26 2 
168.51 85.58 94.43 122.19 142.56 48.04 2 
167.32 84.92 95.09 121.88 145.23 47.99 2 
163.08 78.12 101.89 119.60 148.17 47.51 2 
160.10 72.41 107.60 114.97 145.71 47.28 2 
155.62 74.81 105.20 128.85 155.37 46.18 2 
153.54 71.10 108.92 123.89 154.30 46.60 2 
151.55 68.66 111.35 119.46 152.97 46.35 2 
152.30 68.61 111.40 117.99 153.83 46.53 2 
152.43 72.30 107.71 121.30 162.43 46.53 2 
157.58 75.30 104.71 122.61 158.21 47.17 2 
159.85 79.48 100.54 125.82 153.06 47.30 2 
159.08 82.23 97.79 126.01 151.15 47.63 2 
162.76 82.89 97.13 126.72 150.73 48.81 2 
162.54 83.42 96.60 128.08 150.95 48.83 2 
162.43 82.65 97.36 127.05 152.04 48.89 2 
162.16 82.75 97.27 124.79 151.36 49.53 2 
160.49 82.86 97.15 125.69 153.24 49.30 2 
161.93 83.63 96.38 126.24 152.08 49.25 2 
164.09 83.62 96.39 124.79 146.30 49.40 2 
164.77 78.83 101.19 123.19 150.01 49.33 2 
160.18 71.72 108.29 118.31 149.58 49.18 2 
161.30 72.51 107.51 118.67 149.12 49.19 2 
159.83 74.49 105.52 121.49 157.29 49.36 2 
160.21 74.92 105.09 122.47 157.68 49.75 2 
159.68 74.98 105.03 123.59 158.68 49.82 2 
157.41 72.25 107.76 122.08 162.46 49.63 2 
155.58 73.26 106.75 124.20 168.47 49.32 2 
155.45 73.05 106.96 123.89 167.83 49.17 2 
155.89 73.84 106.17 124.03 167.81 48.95 2 
156.17 75.56 104.45 124.88 166.42 47.85 2 
159.03 78.23 101.78 126.07 158.62 47.71 2 
161.75 81.46 98.55 129.74 153.02 47.55 2 
164.70 82.33 97.68 128.69 149.49 47.88 2 
164.21 74.52 105.49 116.42 132.99 47.83 2 
166.87 76.88 103.14 125.92 135.42 47.80 2 
168.52 78.61 101.40 124.02 133.16 47.70 2 
169.26 79.28 100.73 122.98 133.07 47.78 2 
174.71 84.72 95.29 127.70 128.29 47.39 2 
175.87 89.02 90.99 131.01 127.02 47.15 2 
172.51 94.11 85.90 137.19 124.04 47.25 2 
171.28 95.41 84.61 136.16 123.06 47.26 2 
171.40 93.89 86.13 134.30 125.56 46.88 2 
171.27 93.13 86.88 135.67 127.29 46.98 2 
166.51 89.82 90.19 145.03 133.70 46.87 2 
163.07 84.78 95.23 144.01 148.03 46.83 2 
164.09 86.10 93.91 143.40 146.08 46.57 2 
163.24 86.07 93.94 142.61 146.55 45.94 2 
168.13 89.49 90.52 141.66 138.57 46.15 2 
167.40 88.80 91.21 142.11 139.39 46.26 2 
166.60 90.35 89.67 142.75 136.21 45.74 2 
167.25 91.42 88.59 141.60 134.09 45.72 2 
168.12 92.11 87.90 137.08 132.71 45.92 2 
169.72 93.03 86.98 135.53 129.88 46.30 2 
172.80 95.24 84.78 128.43 122.50 47.53 2 
170.38 95.36 84.65 129.96 123.71 47.02 2 
164.81 95.29 84.72 123.80 125.73 44.26 2 
154.46 101.72 78.29 133.05 121.79 42.10 2 
161.24 82.57 97.44 125.26 149.82 42.97 2 
165.54 85.57 94.44 126.29 142.87 43.53 2 
166.90 85.54 94.47 126.92 138.92 43.40 2 
166.24 87.34 92.68 136.88 138.06 43.45 2 
167.31 86.40 93.61 135.12 139.77 44.20 2 
170.36 84.93 95.08 130.18 137.87 45.78 2 
165.92 82.87 97.14 133.24 140.22 45.82 2 
174.30 86.88 93.13 130.45 130.74 47.86 2 
176.87 87.72 92.29 128.99 123.05 46.98 2 
174.58 85.52 94.50 127.09 128.88 47.64 2 
168.17 81.37 98.64 123.02 136.37 46.01 2 
161.36 74.66 105.36 119.41 144.16 45.32 2 
155.68 66.58 113.43 115.83 142.92 45.43 2 
156.23 72.21 107.81 118.39 153.97 44.35 2 
168.14 84.89 95.12 124.32 147.17 46.34 2 
167.91 85.98 94.03 119.93 138.66 45.36 2 
166.06 84.56 95.45 120.27 139.99 44.91 2 
165.82 86.87 93.14 128.06 139.47 44.94 2 
164.41 82.07 97.95 129.42 144.84 44.96 2 
162.01 78.44 101.57 135.60 147.65 44.84 2 
160.83 76.21 103.81 133.31 148.95 44.41 2 
159.63 74.75 105.26 134.62 149.59 44.43 2 
159.76 83.00 97.02 138.65 142.82 42.42 2 
168.28 84.75 95.26 140.25 139.42 46.53 2 
167.73 87.14 92.87 134.52 143.18 46.12 2 
166.89 83.96 96.05 136.79 141.64 47.16 2 
167.42 87.42 92.59 138.74 134.26 47.86 2 
166.36 86.36 93.66 139.34 136.61 47.72 2 
168.63 83.81 96.21 136.87 142.69 49.95 2 
169.05 82.60 97.41 136.76 144.23 50.55 2 
171.71 83.70 96.32 137.63 143.81 52.10 2 
177.61 88.27 91.74 139.49 139.56 52.88 2 
179.23 89.33 90.68 138.57 134.37 53.72 2 
176.58 93.43 86.58 138.18 126.94 54.23 2 
174.49 92.87 87.14 125.18 125.04 54.94 2 
173.39 89.47 90.54 118.50 131.27 55.12 2 
170.95 81.04 98.97 113.13 144.79 54.31 2 
165.99 75.99 104.02 109.78 151.27 54.09 2 
166.18 76.30 103.71 116.52 146.32 54.67 2 
163.66 73.84 106.17 111.76 146.77 54.74 2 
169.44 85.27 94.74 126.95 157.31 52.68 2 
165.25 88.05 91.96 133.16 156.60 51.88 2 
166.24 84.86 95.15 127.59 151.70 51.37 2 
166.42 83.65 96.36 125.69 149.10 50.06 2 
168.01 85.54 94.47 125.57 147.29 49.93 2 
163.08 81.36 98.66 115.44 160.57 49.45 2 
166.60 83.73 96.29 115.02 163.03 50.16 2 
164.72 83.43 96.58 114.74 163.92 50.40 2 
163.47 80.10 99.91 106.22 165.21 50.70 2 
164.00 80.13 99.88 103.01 162.97 52.26 2 
154.88 74.26 105.75 94.65 167.76 52.28 2 
152.06 69.68 110.33 92.80 175.26 52.01 2 
152.46 71.45 108.56 98.03 175.80 51.97 2 
156.71 71.81 108.21 119.11 171.77 52.33 2 
157.77 71.15 108.87 117.17 166.70 51.17 2 
161.64 75.47 104.55 133.58 160.51 49.35 2 
163.34 77.39 102.63 120.07 157.58 49.12 2 
161.52 71.71 108.30 115.08 146.90 50.06 2 
165.72 75.78 104.24 121.82 144.29 50.40 2 
167.61 78.58 101.43 126.22 147.50 50.31 2 
166.35 77.63 102.38 124.67 149.18 50.04 2 
167.79 79.81 100.21 125.70 150.33 49.65 2 
163.95 75.24 104.78 118.43 151.90 50.01 2 
158.03 68.02 111.99 107.77 143.96 50.47 2 
159.31 69.33 110.68 107.18 145.78 50.21 2 
154.23 64.61 115.41 102.70 139.92 52.24 2 
157.29 67.69 112.32 105.40 141.28 52.03 2 
165.01 75.02 104.99 110.41 144.08 50.92 2 
174.38 85.52 94.49 120.79 144.57 50.66 2 
170.01 85.80 94.21 126.20 148.20 50.36 2 
173.17 89.92 90.10 132.88 145.44 50.03 2 
169.89 91.73 88.28 135.17 141.03 46.95 2 
170.00 92.12 87.90 135.31 141.97 47.76 2 
172.00 91.96 88.06 135.49 138.53 48.51 2 
175.99 88.35 91.66 124.57 132.91 48.87 2 
177.78 88.33 91.68 109.65 132.79 47.64 2 
173.78 84.61 95.40 110.48 138.48 48.09 2 
167.58 79.20 100.81 109.80 149.14 48.25 2 
162.39 72.40 107.62 108.78 145.61 50.17 2 
162.78 73.25 106.76 109.16 149.03 49.13 2 
159.58 70.95 109.06 109.68 152.96 49.31 2 
159.01 70.78 109.23 109.53 153.93 48.80 2 
156.35 67.45 112.56 108.92 152.35 49.97 2 
155.89 67.34 112.67 110.86 153.54 50.63 2 
157.04 71.87 108.14 116.60 161.09 49.87 2 
159.58 76.47 103.54 118.10 164.10 49.32 2 
162.67 83.46 96.55 128.65 166.99 49.56 2 
159.50 86.65 93.36 127.45 169.21 47.23 2 
154.91 82.95 97.06 125.00 170.25 46.77 2 
149.54 85.99 94.02 118.09 172.89 44.34 2 
148.24 85.16 94.85 116.01 173.74 44.33 2 
142.45 82.26 97.75 106.81 176.11 43.59 2 
133.10 64.64 115.37 84.26 169.53 45.33 2 
139.12 71.16 108.85 88.85 169.37 44.23 2 
164.45 85.11 94.90 130.01 157.65 42.97 2 
162.10 91.95 88.06 126.66 161.99 43.00 2 
163.77 92.91 87.10 128.16 160.40 42.96 2 
160.17 92.52 87.49 125.67 163.29 42.26 2 
155.44 93.27 86.74 118.53 169.69 42.08 2 
153.70 96.31 83.70 117.81 169.96 41.83 2 
132.89 109.75 70.26 125.67 171.68 31.80 2 
138.77 102.00 78.02 133.07 169.81 35.39 2 
138.69 104.06 75.96 132.31 170.60 35.10 2 
141.49 102.70 77.31 131.38 169.87 38.66 2 
142.79 102.79 77.22 126.02 171.84 40.01 2 
138.86 99.98 80.03 124.48 170.54 39.29 2 
141.30 100.38 79.63 129.48 171.91 39.97 2 
142.91 99.92 80.09 127.35 173.86 40.22 2 
146.29 99.80 80.21 132.98 177.10 39.70 2 
148.59 98.71 81.31 117.59 177.62 41.00 2 
151.37 96.80 83.21 117.07 176.86 41.65 2 
156.82 94.63 85.39 116.96 171.55 42.91 2 
154.10 92.94 87.07 122.51 171.46 42.61 2 
146.77 94.30 85.71 126.24 174.08 39.85 2 
143.41 90.74 89.27 128.08 174.36 40.15 2 
142.30 89.86 90.16 130.62 175.62 41.40 2 
141.59 88.62 91.39 129.41 175.80 42.31 2 
146.17 80.42 99.59 113.42 171.71 45.54 2 
144.71 83.04 96.98 118.53 173.95 43.95 2 
147.95 83.85 96.16 123.30 167.04 43.27 2 
160.29 94.86 85.15 138.52 165.86 43.06 2 
151.85 98.64 81.38 144.60 171.16 40.25 2 
149.67 102.41 77.60 145.74 172.40 38.86 2 
149.84 99.91 80.10 145.51 175.61 40.82 2 
149.01 99.39 80.63 144.42 177.77 41.26 2 
142.83 97.35 82.67 142.94 174.85 40.54 2 
146.44 93.95 86.06 143.61 176.44 41.02 2 
148.95 92.90 87.11 144.64 171.68 41.46 2 
148.43 90.29 89.72 136.14 175.11 42.52 2 
143.21 83.05 96.97 130.81 174.12 43.69 2 
143.55 85.77 94.24 132.06 173.99 42.80 2 
141.72 85.22 94.79 124.68 172.97 42.95 2 
142.40 85.56 94.45 124.21 172.81 43.01 2 
142.79 84.26 95.75 121.58 172.66 43.36 2 
150.01 83.19 96.82 125.22 167.21 43.87 2 
145.89 83.10 96.91 123.17 170.54 43.38 2 
144.14 83.76 96.25 122.42 171.01 43.20 2 
153.12 87.81 92.20 126.55 168.27 42.41 2 
155.45 88.26 91.75 124.39 168.32 43.29 2 
162.01 87.58 92.44 126.08 164.75 45.14 2 
163.54 94.75 85.26 129.71 164.87 43.98 2 
154.02 95.00 85.01 128.92 177.31 43.42 2 
150.25 87.21 92.80 124.85 175.25 45.00 2 
150.16 88.00 92.02 124.82 174.82 44.46 2 
152.63 89.34 90.68 125.55 173.79 44.89 2 
155.08 95.36 84.65 127.22 172.26 42.43 2 
155.04 93.53 86.48 126.84 171.94 42.99 2 
155.25 91.81 88.21 123.87 172.25 43.27 2 
154.41 91.33 88.68 125.05 172.20 43.39 2 
155.54 91.02 88.99 126.01 171.32 43.85 2 
154.61 91.34 88.67 126.49 171.98 43.56 2 
154.28 90.97 89.04 126.15 171.69 43.66 2 
153.83 89.36 90.66 124.76 171.26 43.78 2 
155.22 89.37 90.64 124.00 170.85 44.07 2 
131.48 99.95 80.07 136.90 174.72 32.25 2 
129.29 98.93 81.09 134.69 174.33 31.74 2 
135.94 94.72 85.29 129.53 177.96 35.81 2 
138.78 93.01 87.00 129.38 171.50 38.19 2 
142.59 94.68 85.34 129.86 173.70 38.75 2 
131.54 91.68 88.33 138.63 171.28 37.12 2 
133.15 93.23 86.78 142.56 171.10 38.02 2 
141.80 88.58 91.43 142.25 171.94 47.15 2 
151.07 90.56 89.45 142.22 170.89 53.57 2 
150.12 95.13 84.88 144.95 165.48 56.79 2 
134.29 98.48 81.53 147.37 158.22 51.18 2 
138.33 96.86 83.16 146.00 159.17 55.02 2 
140.02 90.77 89.24 132.09 158.61 59.92 2 
154.45 75.86 104.15 129.86 169.18 72.20 1 
153.50 72.17 107.84 123.38 155.72 80.10 1 
157.93 69.20 110.82 122.85 160.66 86.11 1 
159.35 69.35 110.66 125.77 156.91 83.45 1 
159.13 93.67 86.34 137.41 99.86 75.97 1 
164.83 75.22 104.80 134.33 108.69 81.36 1 
165.66 78.50 101.51 141.00 108.52 78.91 1 
161.62 80.46 99.55 146.19 113.49 77.90 1 
158.60 82.21 97.81 148.58 114.98 76.24 1 
166.22 86.34 93.67 153.48 108.26 76.78 1 
160.93 84.15 95.87 154.58 109.74 76.96 1 
152.93 82.76 97.26 153.74 168.82 74.49 1 
161.95 85.11 94.91 154.88 165.08 78.31 1 
165.85 85.61 94.40 154.61 166.12 79.57 1 
168.11 93.03 86.99 159.52 153.44 80.27 1 
166.82 94.36 85.65 159.56 148.65 80.73 1 
165.48 98.49 81.52 162.39 143.50 81.78 1 
161.48 105.28 74.73 167.30 138.51 82.28 1 
158.11 109.36 70.65 168.47 130.65 81.45 1 
158.18 111.72 68.29 173.26 128.25 83.72 1 
143.68 125.14 54.87 161.58 113.39 83.82 1 
