-1.00	-1.00	-1.00	-1.00	-1.00	-1.00	-1.00	52.12
-1.00	-1.00	-1.00	-1.00	-1.00	-1.00	-1.00	53.73
-1.00	-1.00	-1.00	-1.00	-1.00	-1.00	-1.00	55.92
-1.00	-1.00	-1.00	-1.00	-1.00	-1.00	-1.00	59.18
-1.00	-1.00	-1.00	-1.00	-1.00	-1.00	-1.00	66.89
-1.00	-1.00	-1.00	-1.00	-1.00	-1.00	-1.00	70.49
-1.00	-1.00	-1.00	-1.00	-1.00	-1.00	-1.00	71.15
-1.00	-1.00	-1.00	-1.00	-1.00	-1.00	-1.00	68.45
-1.00	-1.00	-1.00	-1.00	-1.00	-1.00	-1.00	67.89
-1.00	-1.00	-1.00	-1.00	-1.00	-1.00	-1.00	68.26
-1.00	-1.00	-1.00	-1.00	-1.00	-1.00	-1.00	68.29
-1.00	-1.00	-1.00	-1.00	-1.00	-1.00	-1.00	68.99
-1.00	-1.00	-1.00	-1.00	-1.00	-1.00	-1.00	70.90
-1.00	-1.00	-1.00	-1.00	-1.00	-1.00	-1.00	71.96
-1.00	-1.00	-1.00	-1.00	-1.00	-1.00	-1.00	71.06
-1.00	-1.00	-1.00	-1.00	-1.00	-1.00	-1.00	72.50
-1.00	-1.00	-1.00	-1.00	-1.00	-1.00	-1.00	75.36
-1.00	-1.00	-1.00	-1.00	-1.00	-1.00	-1.00	77.16
-1.00	-1.00	-1.00	-1.00	-1.00	-1.00	-1.00	79.27
-1.00	-1.00	-1.00	-1.00	-1.00	-1.00	-1.00	79.34
-1.00	-1.00	-1.00	-1.00	-1.00	-1.00	-1.00	79.42
-1.00	-1.00	-1.00	-1.00	-1.00	-1.00	-1.00	80.45
-1.00	-1.00	-1.00	-1.00	-1.00	-1.00	-1.00	81.72
-1.00	-1.00	-1.00	-1.00	-1.00	-1.00	-1.00	82.30
-1.00	-1.00	-1.00	-1.00	-1.00	-1.00	-1.00	83.23
-1.00	-1.00	-1.00	-1.00	-1.00	-1.00	-1.00	84.38
-1.00	-1.00	-1.00	-1.00	-1.00	-1.00	-1.00	83.55
-1.00	-1.00	-1.00	-1.00	-1.00	-1.00	-1.00	82.84
-1.00	-1.00	-1.00	-1.00	-1.00	-1.00	-1.00	83.09
-1.00	-1.00	-1.00	-1.00	-1.00	-1.00	-1.00	83.45
-1.00	-1.00	-1.00	-1.00	-1.00	-1.00	-1.00	82.45
173.32	95.05	84.97	167.72	164.64	116.86	121.58	79.42
174.41	93.86	86.15	166.43	168.21	116.47	121.66	79.75
176.85	92.75	87.26	165.64	171.59	120.98	123.13	79.60
175.96	92.70	87.31	168.90	171.95	122.75	122.94	79.35
173.19	92.08	87.94	169.20	168.36	126.29	129.37	78.06
173.64	92.84	87.17	169.21	168.54	128.65	137.96	78.75
173.26	93.24	86.77	169.38	166.42	130.22	137.28	78.13
170.76	94.63	85.38	170.40	165.17	132.07	140.23	77.18
171.01	95.14	84.88	169.60	166.02	135.75	139.16	77.15
171.59	95.24	84.78	169.55	169.57	134.56	141.64	77.07
172.98	95.20	84.81	159.67	166.63	136.84	140.49	77.18
175.71	94.19	85.82	158.83	168.46	131.47	146.74	77.53
172.86	94.67	85.34	175.94	171.08	127.48	150.38	77.24
170.29	94.86	85.15	178.52	172.72	130.21	148.59	77.01
173.50	94.88	85.13	177.04	172.50	127.98	150.26	80.60
179.06	90.83	89.18	168.45	171.42	126.09	151.17	82.46
176.94	92.92	87.10	163.70	170.21	129.17	146.58	82.80
176.58	92.87	87.14	154.75	169.80	129.45	145.80	84.36
175.94	94.07	85.94	147.40	167.33	127.79	145.25	84.42
173.48	95.94	84.07	140.15	167.19	124.38	146.96	83.11
172.44	96.52	83.49	133.73	167.38	125.42	147.64	82.40
172.89	96.90	83.11	141.36	167.44	126.74	144.11	82.29
174.45	95.42	84.60	153.45	167.74	129.42	142.26	82.53
174.72	95.30	84.71	157.27	168.72	128.56	142.46	82.75
174.77	95.06	84.95	162.05	168.83	128.38	143.03	83.22
174.47	95.36	84.65	166.50	167.92	127.49	144.41	82.41
174.82	95.20	84.81	172.25	166.43	129.78	142.71	83.33
173.60	96.36	83.65	176.62	159.84	132.70	139.92	83.98
173.30	96.72	83.29	175.75	158.29	131.59	140.93	82.01
174.06	95.65	84.36	175.11	161.39	129.63	143.40	83.42
174.57	94.76	85.25	175.24	160.40	128.27	145.05	82.36
174.56	95.07	84.95	176.35	159.93	126.29	146.41	82.42
175.24	94.70	85.31	169.35	159.87	126.42	146.24	83.69
176.05	93.91	86.10	167.62	160.27	124.73	147.02	83.17
177.33	92.52	87.49	169.77	160.49	123.35	147.84	84.53
177.35	92.59	87.42	163.89	160.81	121.91	150.75	83.24
179.28	90.54	89.47	157.93	163.70	124.50	151.37	84.52
176.50	89.09	90.93	156.61	165.52	125.34	150.00	84.48
175.63	90.43	89.58	164.94	169.62	135.37	148.03	83.61
176.62	91.22	88.80	170.04	171.60	139.65	145.35	82.46
177.11	90.99	89.02	172.00	169.68	141.96	141.96	83.08
178.72	90.85	89.16	168.51	172.02	135.70	144.85	82.11
177.56	91.66	88.36	164.17	167.83	135.50	143.20	82.05
176.49	90.03	89.98	151.27	167.45	133.29	144.50	82.73
175.90	87.17	92.84	153.78	170.48	131.97	145.98	85.03
176.94	87.96	92.06	157.56	171.69	131.38	147.03	83.85
177.80	88.70	91.31	159.71	170.52	131.33	147.17	85.35
176.32	88.46	91.55	160.91	168.34	132.63	148.36	83.91
177.19	88.56	91.46	161.43	170.97	127.46	150.27	84.30
177.64	88.48	91.53	157.28	171.56	124.46	152.09	85.19
176.64	88.05	91.96	157.75	170.84	124.85	149.80	85.59
177.27	88.20	91.81	162.23	169.37	122.83	146.60	84.56
177.14	88.48	91.53	162.40	167.01	121.60	144.93	84.91
175.68	88.32	91.69	163.90	165.82	122.13	144.66	85.92
175.55	88.65	91.36	165.13	162.95	121.36	143.58	84.79
175.03	88.95	91.06	166.24	162.46	121.69	142.77	84.69
176.72	88.66	91.36	168.08	164.27	120.76	142.94	84.62
178.03	89.47	90.54	167.04	164.37	122.84	139.52	86.21
177.28	89.70	90.31	167.18	165.43	130.51	138.25	85.15
177.57	89.64	90.38	167.33	168.47	132.72	139.70	85.11
177.64	89.88	90.14	167.56	169.63	129.89	141.80	84.26
177.54	90.01	90.01	165.88	170.24	129.22	141.09	85.33
177.52	89.40	90.61	162.85	170.08	128.39	137.66	85.97
177.79	89.58	90.44	163.80	171.06	123.46	137.36	85.87
177.80	90.03	89.99	165.18	172.53	118.98	145.35	86.02
177.72	90.31	89.71	167.20	173.53	118.13	143.96	86.10
177.09	90.44	89.57	167.86	169.55	117.45	132.68	86.24
177.21	90.72	89.30	168.02	167.36	116.48	136.37	85.51
178.40	90.33	89.68	168.16	172.60	115.04	140.09	84.12
177.60	90.69	89.33	169.01	169.82	115.54	134.80	85.59
177.94	90.92	89.10	168.85	170.94	115.43	130.77	84.01
178.15	91.54	88.48	167.92	167.79	116.80	127.53	85.38
178.40	90.93	89.08	167.44	168.48	118.34	128.81	84.81
177.91	90.64	89.37	168.38	169.20	117.61	127.55	84.03
178.51	90.67	89.34	168.35	169.55	116.03	126.26	85.85
178.61	91.04	88.97	168.87	169.63	115.74	125.17	85.94
178.45	91.52	88.49	169.83	169.76	114.44	124.42	84.15
176.50	93.26	86.75	174.03	164.76	120.11	121.66	87.46
176.40	93.46	86.55	176.11	163.17	121.46	121.89	85.03
176.39	93.63	86.39	177.03	162.95	119.79	123.51	87.06
171.99	90.99	89.03	173.25	166.11	114.89	128.36	87.94
172.98	90.70	89.31	179.69	167.97	113.23	129.34	85.14
173.93	91.31	88.70	177.52	167.63	114.10	132.60	85.64
175.53	91.75	88.26	172.47	167.74	115.52	134.19	85.58
176.31	92.14	87.87	169.80	167.92	116.36	132.22	85.56
176.76	90.34	89.67	169.47	172.13	117.66	129.16	84.90
178.30	91.72	88.30	168.00	160.04	121.15	126.66	86.47
179.76	90.11	89.90	168.16	157.46	119.82	125.70	88.65
176.83	88.72	91.29	166.49	154.17	115.68	124.66	85.52
176.27	88.37	91.64	165.59	149.64	118.50	122.79	83.93
174.62	86.22	93.80	166.91	151.83	119.22	122.46	84.96
175.50	85.76	94.26	170.11	159.84	118.83	125.93	84.73
175.08	85.22	94.79	170.11	178.87	116.61	132.05	82.85
174.57	85.28	94.73	167.94	174.06	114.97	134.18	81.57
173.94	84.82	95.19	164.43	173.45	113.46	135.22	83.20
174.80	85.66	94.35	164.95	170.47	111.29	135.62	83.17
175.53	85.95	94.06	166.08	168.95	114.86	136.06	81.19
175.91	85.99	94.02	165.68	170.10	113.82	136.73	81.54
175.36	85.36	94.65	166.28	174.84	113.93	135.12	81.24
170.49	80.59	99.43	167.91	174.80	114.52	134.39	78.93
171.94	82.43	97.58	166.46	171.27	113.89	134.16	80.43
172.82	83.67	96.34	166.88	168.69	112.75	133.74	81.04
172.85	84.35	95.67	166.52	167.08	112.54	135.98	79.82
172.99	83.98	96.03	162.79	166.86	110.79	134.64	80.49
174.70	85.33	94.69	165.18	168.82	111.70	139.08	80.02
175.77	86.89	93.12	166.21	166.28	112.39	140.65	79.62
175.40	87.74	92.28	172.70	166.42	116.34	140.67	79.53
174.66	86.92	93.09	171.05	166.80	114.83	141.01	79.15
174.96	88.05	91.96	171.70	168.39	114.89	140.97	77.77
172.00	86.46	93.56	169.98	170.03	114.62	140.31	76.96
169.70	88.30	91.72	163.46	167.81	108.87	138.08	76.46
167.82	90.10	89.91	168.81	164.65	109.15	135.30	75.02
166.95	90.29	89.72	176.92	164.38	111.31	137.35	74.62
168.02	90.68	89.34	173.76	164.97	110.88	136.31	74.69
171.73	90.71	89.30	161.53	166.26	110.86	132.87	75.39
172.96	89.48	90.54	156.91	167.47	109.58	131.52	75.73
173.76	88.70	91.31	154.77	168.70	108.86	130.80	75.14
171.03	88.74	91.28	169.83	170.11	108.73	134.27	75.52
173.30	88.26	91.75	170.92	171.70	107.17	134.38	78.05
168.17	89.15	90.86	169.78	160.03	108.07	129.18	77.08
168.73	86.93	93.08	168.17	159.88	105.75	131.27	77.31
169.06	85.18	94.83	167.47	156.01	108.93	133.05	77.90
171.37	85.48	94.53	167.06	165.55	114.09	132.96	78.31
173.52	86.37	93.64	166.85	171.48	113.77	138.91	79.41
174.69	88.08	91.93	164.23	173.08	115.41	136.95	80.51
174.05	89.04	90.97	162.76	170.80	117.45	138.72	81.39
174.00	89.66	90.36	161.08	169.92	121.91	140.16	81.61
170.34	89.32	90.69	155.60	146.17	128.26	137.81	80.26
169.05	88.47	91.55	150.14	112.44	129.38	140.29	79.82
167.40	87.62	92.39	149.11	144.00	136.19	141.58	79.58
167.30	87.51	92.50	148.69	150.11	135.16	144.31	78.95
166.75	87.21	92.80	148.21	153.72	138.67	146.01	79.13
165.70	86.66	93.35	147.80	161.56	142.21	146.88	78.40
166.70	86.03	93.99	145.73	166.31	141.63	149.40	77.98
169.61	88.04	91.97	145.09	166.31	141.73	146.14	78.74
165.84	88.68	91.33	138.97	164.69	143.31	144.79	78.14
165.58	88.53	91.48	135.95	166.57	141.87	146.48	77.54
166.43	88.17	91.84	133.52	168.08	140.09	148.97	77.78
168.53	86.95	93.06	136.13	167.51	131.63	148.05	77.79
172.77	90.15	89.86	138.87	169.23	130.84	136.42	80.51
175.85	92.16	87.86	144.33	173.02	120.93	132.78	82.14
176.06	93.34	86.67	147.80	171.40	115.29	133.11	81.88
172.78	95.15	84.86	149.37	178.05	114.67	128.59	80.39
175.73	93.75	86.26	153.36	163.75	112.54	132.57	78.60
174.79	91.68	88.33	149.94	166.95	100.85	128.13	77.97
172.27	88.83	91.18	150.22	170.47	104.91	125.23	77.89
173.22	89.46	90.56	152.76	170.18	98.37	126.36	79.22
170.18	88.03	91.98	152.28	171.16	103.47	124.62	79.87
171.48	90.20	89.81	153.77	172.52	100.62	127.69	79.77
173.88	90.60	89.41	157.77	174.16	102.21	126.18	79.96
173.09	92.29	87.73	160.96	170.72	101.25	126.72	80.60
177.01	89.89	90.12	162.01	173.79	100.57	134.40	82.43
177.25	87.55	92.46	163.14	170.73	99.25	136.85	81.62
176.55	86.61	93.40	160.82	168.34	97.65	140.12	81.51
176.03	86.16	93.86	158.18	169.96	109.73	143.48	82.28
176.03	86.55	93.46	159.51	167.88	107.74	146.18	82.39
174.73	86.46	93.55	161.02	164.13	114.55	142.81	82.96
174.95	86.46	93.55	162.11	163.12	114.41	142.47	82.48
172.82	83.42	96.59	160.63	171.79	122.86	138.22	80.56
174.93	86.95	93.07	165.41	177.15	116.64	137.95	80.13
175.53	88.11	91.91	166.97	176.25	108.71	137.10	80.46
176.60	89.93	90.08	167.66	166.13	108.37	134.60	82.45
176.40	91.78	88.23	164.15	162.45	113.54	130.02	80.39
173.96	93.97	86.04	159.72	163.16	121.63	126.66	78.24
174.02	93.64	86.37	161.24	166.72	119.89	128.70	77.93
172.43	92.19	87.83	165.53	166.04	118.08	129.27	77.57
170.20	88.35	91.66	162.92	156.06	120.36	116.70	77.01
169.75	86.10	93.91	162.99	160.86	118.26	112.66	76.39
169.01	84.12	95.89	162.95	162.92	118.06	106.02	75.49
170.63	87.80	92.22	164.78	156.15	117.68	108.75	74.99
173.04	90.49	89.53	164.41	157.13	118.95	109.86	75.92
178.06	90.25	89.76	159.88	161.44	117.55	112.22	76.57
178.23	88.45	91.56	158.70	162.52	114.34	105.50	76.10
177.98	89.26	90.75	165.98	163.14	112.12	106.10	75.52
173.76	90.12	89.89	170.00	166.13	109.03	107.85	75.37
172.24	91.15	88.86	169.41	172.13	110.28	108.95	76.08
171.82	91.72	88.30	168.90	174.03	110.68	109.37	77.10
171.27	91.05	88.96	168.26	175.04	110.92	109.62	77.24
170.60	91.42	88.59	168.27	174.65	111.46	109.57	77.36
171.02	91.86	88.15	168.78	171.91	111.26	108.68	78.01
171.99	91.92	88.10	169.23	170.55	110.54	108.22	78.16
172.89	91.69	88.32	169.33	171.28	109.63	108.34	79.27
173.75	91.89	88.12	169.64	169.94	109.16	107.94	79.80
174.00	92.04	87.98	169.62	170.48	109.10	107.48	81.35
173.88	92.26	87.75	169.63	169.48	109.22	106.70	80.58
173.39	92.44	87.57	169.43	169.04	109.13	106.33	80.43
172.93	92.47	87.54	169.28	169.58	109.26	106.42	80.52
172.82	92.59	87.43	169.12	169.72	109.38	106.63	81.08
172.95	92.78	87.24	169.04	169.57	109.20	106.85	80.40
173.67	93.10	86.91	168.92	169.60	108.70	107.14	82.30
174.11	93.38	86.63	168.83	168.69	107.79	107.33	82.42
174.29	93.50	86.52	168.81	168.50	107.24	107.77	82.10
174.36	93.53	86.48	168.74	168.50	107.28	107.81	82.99
174.09	93.51	86.50	168.59	168.55	107.26	107.61	82.37
173.63	93.32	86.70	168.40	168.85	107.17	107.50	82.34
173.69	93.34	86.67	168.22	169.04	107.33	107.58	82.15
173.38	93.16	86.86	168.11	169.12	107.33	107.75	82.34
173.35	93.27	86.74	168.37	169.29	107.21	107.65	83.20
173.42	93.28	86.73	168.33	169.13	106.53	104.54	82.59
173.61	93.24	86.78	168.24	168.78	105.91	105.10	83.59
173.82	93.30	86.72	168.12	168.60	105.62	105.79	82.88
173.76	93.38	86.63	167.63	168.39	105.78	106.11	83.77
173.68	93.31	86.71	167.56	168.31	105.82	106.25	82.67
173.41	93.15	86.86	167.36	168.91	105.91	105.79	83.49
173.39	92.98	87.03	167.11	169.07	106.01	106.37	84.66
173.19	92.84	87.17	166.82	169.02	106.17	105.93	84.19
173.14	92.87	87.14	166.73	168.90	106.18	105.47	83.28
172.93	92.96	87.05	166.63	168.86	106.19	105.35	84.10
172.68	92.96	87.05	166.46	169.03	106.34	105.25	82.88
173.08	92.86	87.15	164.53	169.47	106.24	105.58	83.63
173.44	92.87	87.14	164.71	169.78	106.24	107.89	84.00
173.35	92.78	87.24	164.75	170.09	106.35	106.78	83.60
173.26	92.69	87.32	164.84	170.24	106.39	106.56	83.14
173.25	92.61	87.40	165.06	170.22	106.43	106.41	83.66
173.45	92.50	87.51	165.25	170.11	106.26	106.46	83.96
173.65	92.41	87.61	165.44	170.07	106.25	106.67	83.97
174.09	92.24	87.77	165.74	170.45	106.27	107.13	84.03
174.44	92.06	87.95	165.92	170.58	106.65	107.33	83.97
175.09	91.73	88.28	165.96	170.68	106.60	107.30	86.53
175.63	91.50	88.51	166.03	170.60	106.30	107.06	85.52
176.24	91.06	88.96	166.13	170.58	106.13	107.08	87.50
177.14	89.63	90.38	166.17	170.85	105.76	106.81	85.89
177.37	88.56	91.45	166.23	171.46	105.89	106.71	85.89
177.09	87.67	92.34	166.30	172.06	105.35	106.80	87.48
175.46	85.68	94.33	166.42	172.67	105.27	106.99	84.15
173.80	83.92	96.09	165.41	173.01	107.26	107.23	83.28
172.80	82.89	97.12	165.39	174.12	105.99	107.37	83.06
172.07	82.12	97.90	165.51	174.16	104.99	106.94	81.93
171.23	81.26	98.75	165.54	173.74	104.56	106.54	80.49
172.65	82.67	97.34	165.70	173.56	103.44	106.36	80.95
172.31	82.30	97.71	165.73	174.03	103.11	106.23	80.83
172.08	82.07	97.94	161.64	175.18	103.02	105.14	80.25
171.79	81.78	98.23	160.06	176.47	104.73	105.72	81.39
172.82	82.83	97.18	159.94	177.31	105.72	105.94	81.66
173.37	83.41	96.60	159.81	176.50	106.19	107.44	81.62
173.25	83.25	96.77	159.65	175.86	107.45	107.09	81.13
174.28	84.30	95.72	159.55	175.06	106.04	107.54	82.16
174.88	85.04	94.98	159.33	174.86	105.34	107.65	82.80
174.86	85.30	94.72	158.98	175.00	104.92	108.04	83.38
174.88	85.55	94.46	158.90	175.48	104.57	107.68	84.26
174.21	85.32	94.69	158.03	175.59	104.78	106.92	84.84
173.42	85.60	94.41	156.95	174.79	106.41	106.81	84.20
173.66	86.05	93.97	156.31	174.33	106.72	106.75	84.66
175.62	87.44	92.58	153.85	174.46	106.93	106.55	85.72
177.33	88.74	91.28	153.66	172.16	108.28	108.12	86.16
177.42	88.98	91.03	153.41	169.87	109.19	108.04	87.40
178.89	90.52	89.50	154.91	168.32	109.17	106.44	85.13
178.90	91.03	88.98	159.19	168.72	109.29	107.29	85.55
177.63	92.33	87.68	161.94	168.23	110.86	107.19	84.84
176.27	93.44	86.57	162.16	168.23	111.14	106.44	83.43
176.81	93.03	86.98	162.09	168.37	111.18	107.44	83.20
176.34	93.53	86.48	165.11	167.49	112.03	108.21	82.72
175.62	94.21	85.80	165.20	166.64	111.81	108.23	82.36
175.70	94.27	85.75	164.91	166.05	111.72	107.74	82.34
175.31	94.62	85.40	163.80	165.68	111.15	107.66	82.61
174.80	95.11	84.90	164.47	165.51	111.02	107.48	81.86
174.70	95.25	84.76	164.97	164.07	111.01	107.44	82.95
174.76	95.22	84.79	164.78	163.57	110.64	108.22	82.43
174.74	95.24	84.77	164.74	163.36	110.84	108.52	82.82
174.16	95.85	84.16	164.75	163.78	110.00	109.29	82.06
173.34	96.63	83.38	164.93	164.37	109.91	109.05	82.75
173.25	96.60	83.42	164.92	164.99	110.07	108.88	82.05
171.97	97.16	82.85	165.03	164.86	110.32	108.78	81.98
171.30	97.30	82.72	165.12	165.41	110.31	108.90	82.16
171.46	96.47	83.55	166.91	166.37	110.32	108.65	82.75
170.50	96.04	83.97	167.18	167.10	110.83	108.44	81.41
169.62	95.97	84.05	167.29	167.51	111.14	108.24	80.59
168.57	95.72	84.29	167.46	167.48	111.36	108.30	79.71
168.52	95.32	84.69	167.47	167.34	111.18	108.16	80.05
168.18	95.24	84.77	167.74	167.71	109.92	108.37	79.06
168.27	95.12	84.89	167.91	167.75	110.42	108.28	79.43
168.88	94.86	85.15	167.87	167.59	109.92	108.39	79.79
168.93	94.54	85.48	169.27	167.69	109.79	108.20	79.32
168.90	94.16	85.85	170.31	167.64	110.12	108.43	79.78
168.88	93.72	86.30	171.09	166.69	110.14	108.28	80.64
168.58	93.29	86.72	171.40	166.35	110.81	108.05	80.18
168.59	92.96	87.06	171.56	166.18	111.88	108.17	79.71
168.93	92.62	87.40	171.71	166.27	111.97	108.37	80.12
169.20	92.63	87.39	171.79	166.43	112.14	107.94	81.14
169.68	92.88	87.13	171.91	166.98	112.46	107.53	81.37
170.21	92.94	87.07	171.91	167.90	113.43	107.51	81.73
170.59	92.54	87.47	161.11	168.58	112.12	107.66	81.72
170.74	92.50	87.51	158.59	168.96	111.67	107.18	82.43
170.80	92.59	87.43	156.14	168.99	110.97	106.65	81.95
170.63	92.66	87.36	155.94	168.90	110.67	107.03	82.52
166.53	93.20	86.81	154.47	168.20	111.14	107.32	78.80
161.76	93.77	86.25	153.55	167.40	112.28	107.41	75.39
159.78	95.45	84.56	153.35	168.05	111.18	118.63	73.12
158.40	96.44	83.57	153.40	168.49	111.63	110.29	71.67
158.51	98.38	81.63	154.72	165.66	112.05	111.27	70.73
158.93	100.00	80.01	158.91	163.86	112.73	107.12	70.80
160.97	100.73	79.28	159.78	161.70	113.81	102.73	71.69
161.70	101.14	78.87	160.45	159.09	115.81	98.39	71.93
162.45	101.58	78.44	160.78	152.88	117.30	91.58	72.82
160.90	103.26	76.76	160.00	146.29	118.73	88.94	72.90
159.46	104.42	75.59	159.55	147.62	117.79	93.05	70.89
156.50	106.00	74.02	157.37	146.28	118.21	96.11	69.38
156.62	106.30	73.72	157.83	149.99	117.45	98.10	68.60
157.21	108.20	71.81	156.66	147.95	117.92	95.38	68.72
156.45	108.54	71.48	152.43	145.69	115.88	94.54	68.22
156.46	109.13	70.89	150.82	147.98	112.91	96.81	67.44
156.23	110.54	69.47	150.33	146.10	114.54	96.87	67.33
157.30	110.92	69.09	154.52	147.75	116.24	95.95	67.51
157.91	110.71	69.30	155.19	148.19	116.76	96.20	68.29
157.68	110.90	69.11	154.97	146.28	115.34	96.70	68.25
157.93	110.37	69.64	155.08	145.54	116.02	96.37	68.52
157.84	110.13	69.88	154.93	144.21	116.16	95.71	68.46
158.60	108.48	71.53	156.84	142.55	117.33	92.49	69.92
158.48	108.43	71.59	156.41	141.66	117.29	91.40	69.94
158.59	108.48	71.54	160.03	140.51	117.93	90.26	69.87
159.80	106.93	73.08	159.82	139.92	117.74	88.73	71.07
160.44	106.17	73.84	159.87	139.63	117.35	88.98	71.97
162.25	104.23	75.78	159.70	140.79	117.34	88.21	73.96
161.63	104.29	75.72	159.33	141.57	115.97	89.41	73.73
161.15	104.09	75.92	158.67	141.69	115.86	92.16	73.16
162.65	102.55	77.46	158.39	142.21	115.71	94.83	74.74
163.64	101.84	78.17	152.88	142.89	115.82	96.59	76.11
163.99	102.56	77.45	153.38	143.76	116.84	94.66	75.73
165.48	101.91	78.11	152.79	144.49	117.66	93.10	77.24
165.50	101.54	78.47	153.06	143.59	119.34	94.30	78.00
165.60	101.34	78.67	152.98	143.28	118.87	94.82	77.84
165.95	100.95	79.06	152.95	142.25	118.51	95.09	78.45
166.02	100.88	79.13	153.49	141.33	118.12	94.52	78.10
165.84	100.90	79.11	153.19	139.70	117.99	93.96	78.71
165.24	101.15	78.87	152.54	138.49	117.94	93.69	78.39
162.91	101.43	78.58	151.52	138.06	116.96	99.22	76.47
159.80	101.82	78.19	150.32	137.48	116.60	107.25	75.42
161.74	101.59	78.42	151.22	138.12	115.77	103.11	76.52
162.63	101.46	78.55	151.76	138.62	115.58	101.68	76.38
162.89	101.36	78.65	152.01	138.91	115.55	100.99	76.66
162.30	101.38	78.64	152.55	139.58	114.62	103.39	75.43
162.61	101.15	78.86	151.99	140.50	113.76	103.65	76.39
162.18	100.87	79.15	151.72	142.97	112.88	107.27	75.28
162.79	100.84	79.17	151.28	142.98	112.81	106.40	76.07
163.13	101.22	78.79	151.33	142.58	112.65	105.86	75.53
163.37	101.15	78.86	151.41	142.46	112.77	105.09	76.45
163.05	101.20	78.81	151.28	142.37	113.10	104.76	75.60
162.46	101.05	78.96	150.80	142.33	112.91	105.41	75.36
161.81	100.94	79.07	150.44	142.44	112.70	107.01	75.58
161.17	100.87	79.14	150.05	142.39	111.95	109.07	75.30
160.69	100.81	79.20	149.69	142.09	110.69	110.66	74.62
158.88	100.97	79.04	149.03	141.69	109.74	115.04	73.42
157.66	101.29	78.72	148.84	141.75	111.88	116.16	72.40
157.08	101.56	78.45	146.66	141.98	111.11	116.29	71.85
156.03	101.65	78.37	146.34	143.22	110.51	119.03	71.69
155.72	101.12	78.89	146.22	146.14	110.47	120.15	71.23
155.30	100.25	79.77	146.35	148.35	112.32	125.75	71.07
160.83	98.99	81.02	148.49	148.80	113.41	119.59	75.09
165.13	99.15	80.86	150.65	149.36	114.88	114.87	76.82
168.37	98.21	81.81	152.44	154.61	115.89	111.17	79.19
169.61	97.84	82.18	153.16	154.98	115.25	119.30	79.31
170.28	97.42	82.60	153.45	155.42	116.43	122.19	79.88
170.89	97.14	82.87	153.69	155.62	117.14	124.05	80.42
170.77	97.39	82.63	153.52	155.41	116.76	129.55	80.67
170.51	97.21	82.80	153.23	155.10	116.97	129.74	80.10
171.13	96.20	83.81	153.03	154.69	116.65	130.67	80.81
171.52	95.43	84.58	153.00	154.53	116.06	129.24	82.06
171.25	95.94	84.07	152.83	153.80	112.81	120.01	81.64
171.94	95.46	84.56	152.97	153.75	110.93	116.76	83.21
171.84	95.84	84.18	152.96	153.27	109.74	115.51	82.46
172.51	95.37	84.64	153.20	153.40	109.70	114.16	82.66
172.82	95.13	84.88	153.32	153.49	111.23	113.59	82.66
172.81	95.29	84.73	153.51	167.65	113.01	113.30	83.86
172.81	95.36	84.66	153.55	167.70	113.16	113.14	83.76
172.89	95.21	84.80	153.59	167.92	113.86	113.22	83.63
173.27	94.94	85.08	153.76	168.04	115.04	112.91	83.59
173.61	94.66	85.35	153.91	168.17	115.19	112.82	83.58
173.73	94.87	85.14	154.04	168.22	115.60	112.52	83.51
173.74	94.83	85.18	153.97	168.42	115.90	112.01	83.22
173.68	94.85	85.17	153.91	168.43	115.75	111.60	84.67
173.55	94.76	85.26	153.72	168.49	115.29	111.80	83.06
173.73	94.93	85.08	153.70	168.49	114.63	111.97	84.46
173.66	94.96	85.06	153.63	168.42	112.33	111.89	82.89
173.78	94.74	85.27	153.60	168.49	111.37	111.94	83.49
173.93	94.63	85.38	153.57	170.00	112.64	111.76	84.78
174.29	94.45	85.56	153.68	170.13	112.90	111.75	84.54
174.65	94.27	85.75	153.68	170.17	113.18	111.96	84.15
175.23	93.95	86.06	153.72	170.70	113.16	112.19	84.39
175.69	93.65	86.36	153.71	170.88	112.86	111.77	85.29
176.21	93.34	86.67	153.74	171.17	112.50	111.32	86.56
176.72	93.11	86.91	153.84	172.05	111.88	111.03	84.57
177.08	92.80	87.21	153.79	172.05	110.87	110.82	84.89
177.49	92.47	87.54	153.74	172.00	110.91	108.62	85.55
177.72	92.25	87.77	153.64	172.01	111.25	109.53	84.38
178.13	91.84	88.17	153.46	171.99	110.39	110.01	85.64
178.17	91.72	88.29	153.40	171.92	110.50	110.17	85.71
177.99	91.77	88.25	153.31	172.03	110.50	110.18	86.41
177.82	91.88	88.13	153.18	172.31	112.27	118.11	85.19
177.73	92.06	87.95	153.26	172.31	116.30	125.71	86.38
177.34	92.47	87.54	154.10	171.96	119.41	128.60	84.00
176.55	92.80	87.22	154.46	171.56	115.94	126.84	84.61
176.65	92.73	87.28	154.38	170.86	114.46	124.72	84.73
177.15	92.34	87.67	154.22	171.16	114.88	123.64	85.45
177.93	92.09	87.92	169.27	159.06	115.62	125.71	84.43
177.97	91.95	88.06	169.28	157.95	115.40	124.73	86.69
178.08	91.75	88.26	169.48	158.86	113.37	125.20	84.57
177.83	91.87	88.14	169.71	157.92	111.34	126.33	86.04
177.95	91.68	88.33	169.80	157.47	110.66	125.56	86.53
177.94	91.62	88.39	169.91	157.45	106.95	125.13	86.26
178.16	91.19	88.82	169.97	158.07	104.20	125.01	85.24
176.88	90.64	89.37	170.05	157.46	103.14	124.54	85.30
175.04	90.79	89.23	170.07	153.77	106.34	123.71	86.86
174.43	90.55	89.46	170.03	153.01	116.41	122.77	85.24
173.72	90.08	89.93	170.15	150.54	116.83	121.71	85.45
174.55	90.02	89.99	170.12	151.39	115.74	122.75	86.93
174.17	89.51	90.50	170.02	154.83	113.50	122.72	85.73
173.38	90.12	89.90	169.22	153.90	110.15	118.65	85.31
173.35	90.64	89.38	169.05	150.88	112.17	116.96	83.93
170.04	87.36	92.66	168.09	151.74	111.08	115.95	83.38
169.69	87.18	92.83	168.07	150.25	109.01	114.52	82.50
168.79	86.63	93.39	168.01	148.60	108.08	112.86	81.91
166.30	85.85	94.16	167.70	148.50	111.63	111.57	80.11
164.80	84.99	95.02	167.55	148.72	115.96	111.64	79.81
162.77	84.21	95.81	167.25	155.45	112.95	113.52	78.20
160.90	82.98	97.03	161.56	159.04	112.44	112.23	76.49
161.18	85.41	94.60	161.09	152.12	113.77	109.31	78.53
161.97	85.39	94.63	160.22	155.52	111.04	110.15	77.73
162.55	86.01	94.00	156.88	157.64	110.56	114.87	78.24
162.89	85.55	94.47	155.51	158.79	109.96	115.20	78.51
162.14	82.41	97.61	157.30	163.42	108.51	115.88	78.78
160.46	80.77	99.25	157.16	163.05	109.65	116.98	77.65
159.63	79.52	100.49	157.15	165.45	114.65	119.30	76.49
160.07	79.15	100.86	157.56	169.22	114.59	121.37	75.44
160.12	79.51	100.51	157.70	168.87	116.42	121.06	75.28
160.32	79.32	100.69	158.09	169.50	117.42	121.32	75.21
161.62	79.83	100.19	158.48	174.10	116.94	124.13	74.86
161.76	78.96	101.05	159.90	175.99	117.20	118.47	74.17
161.19	78.95	101.06	158.55	177.80	116.27	119.22	74.33
161.32	79.34	100.67	158.11	176.87	116.98	119.69	75.13
161.77	80.03	99.99	161.21	176.74	117.97	119.17	76.22
161.81	80.23	99.79	160.68	175.34	118.49	118.15	76.31
161.60	80.79	99.22	161.30	174.41	119.44	117.28	76.10
161.54	81.17	98.84	162.82	173.79	120.12	116.24	76.28
161.89	80.73	99.28	162.86	174.20	120.73	112.06	77.33
161.48	80.73	99.28	162.78	173.74	120.53	110.57	76.73
161.16	80.41	99.60	162.77	173.56	120.06	111.21	76.27
161.32	80.59	99.42	163.24	163.97	117.60	110.88	76.03
160.17	80.30	99.71	161.74	160.67	112.63	115.01	75.53
161.12	80.16	99.85	160.54	157.63	110.21	115.49	76.91
161.52	80.15	99.86	160.27	154.60	109.40	115.38	76.70
163.99	81.42	98.59	160.88	154.77	110.06	108.39	77.97
167.90	82.50	97.51	161.53	153.70	109.14	108.76	80.94
171.73	84.06	95.95	162.21	154.39	108.62	114.32	83.76
175.75	86.18	93.84	162.84	155.54	107.22	111.62	85.26
177.73	87.72	92.29	163.36	156.05	106.45	110.98	84.27
178.69	89.82	90.19	163.80	156.02	104.06	112.49	84.06
178.26	90.47	89.55	164.13	155.95	103.39	112.44	83.89
177.81	91.08	88.94	164.45	155.67	102.18	112.21	83.33
177.23	91.93	88.09	164.51	155.25	101.95	109.03	83.66
177.49	92.05	87.96	164.52	154.85	101.88	109.78	83.40
177.34	92.31	87.71	164.50	154.75	100.67	108.78	84.08
177.51	92.25	87.76	164.53	154.63	99.52	107.47	84.17
177.15	92.40	87.62	164.63	154.59	95.75	106.89	83.08
176.85	92.48	87.54	164.84	154.64	96.49	107.05	82.77
176.29	92.86	87.16	165.04	154.68	96.52	107.21	83.78
176.23	92.88	87.13	165.01	154.64	96.55	107.40	83.55
176.14	92.91	87.10	165.12	154.67	96.45	107.52	82.84
176.05	92.93	87.08	165.26	154.65	95.60	109.68	82.91
175.92	92.84	87.17	165.40	154.70	96.29	107.77	82.84
175.02	93.39	86.63	166.65	155.00	97.44	107.40	82.83
175.12	92.17	87.85	166.31	166.76	98.49	111.58	82.09
175.04	92.02	88.00	166.38	166.85	98.89	103.75	83.03
174.88	91.93	88.08	166.45	166.86	98.56	97.98	82.49
174.74	91.82	88.19	166.41	167.12	95.54	98.35	82.47
174.76	91.87	88.15	166.45	167.11	88.88	102.06	82.00
176.21	91.32	88.70	164.88	163.52	89.19	97.75	86.78
169.80	89.54	90.47	160.22	161.76	92.43	91.22	84.62
166.41	89.45	90.57	159.61	160.89	100.44	85.74	83.06
164.55	91.04	88.98	159.93	159.53	104.04	89.74	81.30
165.38	91.33	88.68	158.90	160.30	104.49	94.74	80.64
165.49	91.47	88.54	158.61	159.01	104.43	94.10	81.24
166.62	91.45	88.56	158.87	156.96	103.12	92.16	83.02
169.68	91.23	88.78	157.07	155.60	100.43	92.62	83.74
174.69	91.27	88.75	156.57	155.91	88.34	92.36	88.27
176.26	91.30	88.72	156.76	157.05	84.50	95.45	85.42
176.83	90.41	89.60	156.61	157.66	82.75	95.22	87.62
176.70	89.61	90.41	142.83	157.96	81.79	96.76	84.69
174.08	88.76	91.25	137.02	157.72	80.34	97.31	86.17
172.94	87.28	92.74	136.39	157.72	83.11	98.88	85.10
174.28	87.73	92.28	137.19	158.09	87.02	99.22	86.17
173.81	87.29	92.72	125.31	158.16	92.20	100.42	84.84
173.75	87.10	92.91	122.61	166.41	93.13	101.62	85.64
173.97	87.40	92.61	120.72	166.72	95.56	101.39	86.00
173.24	87.35	92.67	120.45	167.07	96.10	100.60	87.47
172.78	87.05	92.97	120.37	167.35	95.92	99.70	84.85
173.01	86.91	93.10	120.55	166.49	100.84	99.66	87.98
175.75	86.96	93.06	121.51	166.45	98.34	98.35	85.56
177.72	87.71	92.30	122.13	165.63	94.81	99.80	84.77
177.69	88.71	91.30	122.84	167.63	93.19	109.75	84.11
173.55	89.26	90.76	125.00	168.97	94.47	111.76	81.85
172.23	88.21	91.81	126.19	166.07	97.83	101.17	82.27
171.43	87.53	92.49	152.98	164.35	98.95	96.73	80.46
170.94	87.11	92.90	154.97	161.01	97.55	97.85	80.82
171.81	86.96	93.05	154.78	155.89	93.07	95.85	81.70
174.44	87.14	92.87	159.11	155.16	89.40	95.66	83.16
176.80	87.59	92.42	159.61	147.25	89.14	91.84	84.90
178.37	88.36	91.65	161.05	145.84	88.89	94.32	84.74
178.28	88.39	91.63	162.34	143.10	90.70	96.90	87.41
177.70	87.97	92.04	163.73	145.38	82.76	97.73	87.01
177.67	87.80	92.21	165.47	148.69	83.91	96.54	85.40
177.53	87.80	92.21	166.87	152.08	81.98	97.29	86.35
175.96	87.46	92.55	167.03	153.35	79.59	103.61	86.77
176.14	87.55	92.46	167.22	153.40	74.37	108.90	85.17
176.18	87.72	92.30	167.41	157.54	76.51	109.02	85.47
170.94	88.18	91.83	171.74	158.22	83.73	108.10	81.83
171.96	87.92	92.10	171.87	155.05	88.35	106.56	82.70
173.04	87.86	92.15	175.98	152.91	90.59	106.13	83.24
174.13	88.15	91.86	177.55	147.46	93.88	104.93	82.78
172.88	87.79	92.23	175.84	145.58	92.64	97.39	82.80
171.85	87.56	92.45	173.97	148.54	93.25	93.16	82.69
172.20	87.87	92.14	172.76	142.92	94.77	86.95	81.42
173.14	88.34	91.67	173.24	137.14	95.43	87.35	82.37
174.33	88.40	91.62	171.86	133.10	95.85	94.21	83.12
175.13	88.23	91.78	169.68	132.26	96.85	97.96	84.45
176.41	88.26	91.75	170.39	130.61	98.05	100.24	84.29
176.75	88.70	91.31	170.39	134.72	98.07	101.15	83.73
176.43	88.89	91.12	168.76	130.87	99.47	102.76	85.09
172.32	88.56	91.45	167.63	135.27	98.16	105.94	82.39
172.23	88.47	91.54	166.08	135.38	96.53	107.06	82.43
174.61	89.17	90.84	166.04	143.85	93.89	110.19	85.06
173.83	89.21	90.80	166.00	147.34	94.01	109.91	84.55
174.89	89.34	90.68	164.12	150.33	93.38	105.71	83.10
178.21	88.97	91.04	165.22	149.26	95.36	103.68	84.16
178.99	88.99	91.02	165.65	148.88	96.55	101.66	84.90
178.56	89.29	90.73	165.53	147.17	97.60	98.97	84.93
176.94	89.08	90.94	165.31	146.86	97.90	98.85	84.02
176.16	88.47	91.54	165.08	146.60	95.12	98.45	84.68
173.60	88.03	91.99	164.62	145.63	93.93	99.54	82.98
173.67	87.90	92.12	164.65	145.72	89.73	102.24	83.12
171.88	87.62	92.39	164.20	146.35	90.06	104.73	82.90
172.46	87.94	92.07	161.13	146.21	90.26	106.27	82.91
173.04	88.02	91.99	160.45	145.76	90.39	103.15	82.76
173.38	88.65	91.36	159.48	145.35	89.56	104.48	83.40
174.46	89.69	90.32	158.66	143.61	89.88	101.98	82.21
177.74	90.59	89.42	158.08	142.73	88.28	103.19	84.36
179.21	90.51	89.51	157.83	141.98	89.22	103.38	84.35
179.64	90.15	89.86	157.74	142.05	87.58	105.14	86.75
179.26	90.15	89.86	157.80	142.01	87.46	105.48	85.14
177.40	90.00	90.01	157.89	141.51	87.38	104.44	85.32
179.79	89.92	90.10	157.81	142.39	89.41	105.18	86.34
177.66	90.07	89.95	157.80	142.52	92.01	104.67	83.23
178.34	89.86	90.15	157.71	142.29	94.28	104.20	85.05
178.32	89.93	90.09	157.71	141.86	96.68	103.97	83.30
176.55	89.75	90.26	157.74	142.83	96.40	106.17	83.17
174.95	90.32	89.69	157.94	143.42	95.55	107.66	80.91
174.88	90.75	89.26	158.24	143.43	96.20	109.33	82.19
174.54	91.24	88.77	158.43	156.55	97.17	111.58	80.63
174.38	91.46	88.56	158.53	151.76	96.90	113.29	80.55
174.94	91.27	88.75	158.64	147.44	104.09	109.83	81.07
175.52	90.87	89.14	158.61	143.73	102.03	109.30	80.96
172.82	91.97	88.05	157.82	149.39	98.61	113.31	81.91
173.41	91.71	88.30	158.23	144.19	98.77	111.56	81.71
173.98	91.49	88.53	158.57	139.73	97.98	110.65	81.19
173.86	91.46	88.55	158.73	136.65	97.43	110.15	81.71
172.98	91.43	88.58	158.50	136.65	103.20	111.19	81.88
173.07	91.43	88.59	159.60	133.75	103.11	110.55	80.84
173.09	91.17	88.85	159.90	130.80	101.00	108.80	81.63
173.31	91.40	88.62	158.07	128.53	99.33	106.86	80.78
174.78	91.19	88.82	154.06	123.59	98.23	104.97	82.40
177.54	91.26	88.75	148.69	121.30	95.51	104.68	83.56
178.16	91.68	88.34	145.09	120.50	93.20	105.41	82.92
177.32	91.27	88.74	140.61	119.00	92.09	103.35	85.57
177.93	91.86	88.16	137.44	118.50	92.02	102.94	83.44
177.57	92.41	87.60	132.93	117.94	92.70	101.56	82.79
177.51	92.48	87.54	129.47	117.25	92.87	100.80	83.01
177.13	92.82	87.19	126.29	117.70	93.46	100.35	82.12
177.14	92.85	87.16	123.37	117.34	93.54	100.38	81.69
176.74	93.14	86.87	121.06	117.18	92.84	101.40	83.47
176.76	93.08	86.93	118.22	117.25	92.13	101.76	83.91
177.28	92.61	87.40	116.78	118.66	91.39	102.03	82.35
177.34	92.54	87.48	115.49	116.62	91.49	100.85	83.40
171.64	93.57	86.45	118.44	117.62	95.78	97.47	77.95
174.06	92.46	87.55	117.26	115.87	96.46	97.50	79.48
176.54	92.46	87.55	115.13	114.81	98.46	95.49	81.18
177.17	91.30	88.71	112.37	112.72	97.42	92.67	84.47
177.50	91.79	88.23	111.08	111.87	96.96	92.88	83.03
177.32	92.06	87.96	110.92	111.88	96.78	93.62	83.53
175.41	93.35	86.66	110.52	111.78	96.07	93.29	83.24
40.64	111.32	68.70	121.15	155.62	97.12	104.05	38.74
48.25	121.72	58.29	165.82	164.06	93.31	109.90	37.25
50.18	123.28	56.74	166.37	164.59	94.28	110.36	35.79
51.19	123.32	56.70	167.02	164.87	95.77	110.78	34.41
51.79	123.81	56.20	167.55	165.42	96.99	110.90	34.23
52.25	124.52	55.50	168.13	165.73	98.16	110.98	33.74
52.47	124.96	55.05	168.57	165.88	99.49	110.95	33.88
52.95	125.63	54.39	168.75	166.08	100.58	110.79	33.50
52.85	126.90	53.12	168.82	164.33	101.69	110.84	33.16
53.79	127.86	52.16	169.09	165.07	102.40	110.56	32.56
53.91	127.87	52.14	169.11	165.21	103.24	110.36	32.47
54.28	128.31	51.70	169.30	165.13	103.97	109.86	31.85
53.39	128.06	51.95	169.34	164.01	104.82	109.62	32.32
54.45	129.32	50.69	169.33	163.64	105.35	109.63	31.23
54.85	129.44	50.58	169.50	164.66	105.71	109.57	31.24
54.71	129.37	50.65	168.95	165.01	106.11	109.46	31.51
55.12	129.09	50.92	169.13	165.08	106.43	109.26	30.73
55.43	128.68	51.34	169.37	165.16	106.64	109.21	30.36
55.35	128.26	51.76	169.59	164.46	106.72	109.28	30.11
55.19	127.37	52.65	168.97	164.20	106.87	108.62	29.65
55.21	127.10	52.92	168.76	165.02	106.73	108.77	29.93
55.39	126.77	53.24	168.49	165.41	106.72	108.91	30.03
55.40	126.45	53.57	168.44	165.77	106.74	108.71	30.32
55.71	126.49	53.52	168.86	165.66	106.89	108.70	30.13
55.66	125.20	54.81	169.17	165.47	107.27	108.67	29.91
55.90	125.64	54.38	169.09	165.80	107.22	108.90	30.06
55.35	124.17	55.84	167.79	166.02	107.08	109.19	30.42
-1.00	-1.00	-1.00	-1.00	-1.00	-1.00	-1.00	30.63
-1.00	-1.00	-1.00	-1.00	-1.00	-1.00	-1.00	30.65
-1.00	-1.00	-1.00	-1.00	-1.00	-1.00	-1.00	30.61
-1.00	-1.00	-1.00	-1.00	-1.00	-1.00	-1.00	29.88
-1.00	-1.00	-1.00	-1.00	-1.00	-1.00	-1.00	30.44
-1.00	-1.00	-1.00	-1.00	-1.00	-1.00	-1.00	30.71
-1.00	-1.00	-1.00	-1.00	-1.00	-1.00	-1.00	31.24
-1.00	-1.00	-1.00	-1.00	-1.00	-1.00	-1.00	31.81
-1.00	-1.00	-1.00	-1.00	-1.00	-1.00	-1.00	33.49
-1.00	-1.00	-1.00	-1.00	-1.00	-1.00	-1.00	34.08
-1.00	-1.00	-1.00	-1.00	-1.00	-1.00	-1.00	35.22
-1.00	-1.00	-1.00	-1.00	-1.00	-1.00	-1.00	34.60
-1.00	-1.00	-1.00	-1.00	-1.00	-1.00	-1.00	33.85
-1.00	-1.00	-1.00	-1.00	-1.00	-1.00	-1.00	32.83
-1.00	-1.00	-1.00	-1.00	-1.00	-1.00	-1.00	31.52
-1.00	-1.00	-1.00	-1.00	-1.00	-1.00	-1.00	29.84
-1.00	-1.00	-1.00	-1.00	-1.00	-1.00	-1.00	30.07
-1.00	-1.00	-1.00	-1.00	-1.00	-1.00	-1.00	29.74
-1.00	-1.00	-1.00	-1.00	-1.00	-1.00	-1.00	30.09
-1.00	-1.00	-1.00	-1.00	-1.00	-1.00	-1.00	31.42
-1.00	-1.00	-1.00	-1.00	-1.00	-1.00	-1.00	28.43
-1.00	-1.00	-1.00	-1.00	-1.00	-1.00	-1.00	26.92
-1.00	-1.00	-1.00	-1.00	-1.00	-1.00	-1.00	24.81
-1.00	-1.00	-1.00	-1.00	-1.00	-1.00	-1.00	24.65
-1.00	-1.00	-1.00	-1.00	-1.00	-1.00	-1.00	24.19
-1.00	-1.00	-1.00	-1.00	-1.00	-1.00	-1.00	24.43
-1.00	-1.00	-1.00	-1.00	-1.00	-1.00	-1.00	26.12
-1.00	-1.00	-1.00	-1.00	-1.00	-1.00	-1.00	25.46
-1.00	-1.00	-1.00	-1.00	-1.00	-1.00	-1.00	25.74
-1.00	-1.00	-1.00	-1.00	-1.00	-1.00	-1.00	25.09
-1.00	-1.00	-1.00	-1.00	-1.00	-1.00	-1.00	24.73
-1.00	-1.00	-1.00	-1.00	-1.00	-1.00	-1.00	23.97
-1.00	-1.00	-1.00	-1.00	-1.00	-1.00	-1.00	23.47
-1.00	-1.00	-1.00	-1.00	-1.00	-1.00	-1.00	23.36
-1.00	-1.00	-1.00	-1.00	-1.00	-1.00	-1.00	23.69
-1.00	-1.00	-1.00	-1.00	-1.00	-1.00	-1.00	25.57
-1.00	-1.00	-1.00	-1.00	-1.00	-1.00	-1.00	25.99
-1.00	-1.00	-1.00	-1.00	-1.00	-1.00	-1.00	24.28
-1.00	-1.00	-1.00	-1.00	-1.00	-1.00	-1.00	22.93
-1.00	-1.00	-1.00	-1.00	-1.00	-1.00	-1.00	19.89
-1.00	-1.00	-1.00	-1.00	-1.00	-1.00	-1.00	17.20
-1.00	-1.00	-1.00	-1.00	-1.00	-1.00	-1.00	17.95
-1.00	-1.00	-1.00	-1.00	-1.00	-1.00	-1.00	18.88
-1.00	-1.00	-1.00	-1.00	-1.00	-1.00	-1.00	20.65
-1.00	-1.00	-1.00	-1.00	-1.00	-1.00	-1.00	22.42
-1.00	-1.00	-1.00	-1.00	-1.00	-1.00	-1.00	22.53
-1.00	-1.00	-1.00	-1.00	-1.00	-1.00	-1.00	22.89
-1.00	-1.00	-1.00	-1.00	-1.00	-1.00	-1.00	52.27
-1.00	-1.00	-1.00	-1.00	-1.00	-1.00	-1.00	51.66
-1.00	-1.00	-1.00	-1.00	-1.00	-1.00	-1.00	52.14
-1.00	-1.00	-1.00	-1.00	-1.00	-1.00	-1.00	54.05
-1.00	-1.00	-1.00	-1.00	-1.00	-1.00	-1.00	53.00
-1.00	-1.00	-1.00	-1.00	-1.00	-1.00	-1.00	53.04
-1.00	-1.00	-1.00	-1.00	-1.00	-1.00	-1.00	53.13
-1.00	-1.00	-1.00	-1.00	-1.00	-1.00	-1.00	53.65
-1.00	-1.00	-1.00	-1.00	-1.00	-1.00	-1.00	53.39
-1.00	-1.00	-1.00	-1.00	-1.00	-1.00	-1.00	53.26
-1.00	-1.00	-1.00	-1.00	-1.00	-1.00	-1.00	53.26
-1.00	-1.00	-1.00	-1.00	-1.00	-1.00	-1.00	52.69
-1.00	-1.00	-1.00	-1.00	-1.00	-1.00	-1.00	52.10
-1.00	-1.00	-1.00	-1.00	-1.00	-1.00	-1.00	53.28
-1.00	-1.00	-1.00	-1.00	-1.00	-1.00	-1.00	51.17
-1.00	-1.00	-1.00	-1.00	-1.00	-1.00	-1.00	50.68
-1.00	-1.00	-1.00	-1.00	-1.00	-1.00	-1.00	49.92
-1.00	-1.00	-1.00	-1.00	-1.00	-1.00	-1.00	53.44
-1.00	-1.00	-1.00	-1.00	-1.00	-1.00	-1.00	52.03
-1.00	-1.00	-1.00	-1.00	-1.00	-1.00	-1.00	51.49
-1.00	-1.00	-1.00	-1.00	-1.00	-1.00	-1.00	51.65
-1.00	-1.00	-1.00	-1.00	-1.00	-1.00	-1.00	50.99
-1.00	-1.00	-1.00	-1.00	-1.00	-1.00	-1.00	50.33
-1.00	-1.00	-1.00	-1.00	-1.00	-1.00	-1.00	50.41
-1.00	-1.00	-1.00	-1.00	-1.00	-1.00	-1.00	49.27
-1.00	-1.00	-1.00	-1.00	-1.00	-1.00	-1.00	48.96
-1.00	-1.00	-1.00	-1.00	-1.00	-1.00	-1.00	49.45
-1.00	-1.00	-1.00	-1.00	-1.00	-1.00	-1.00	50.27
-1.00	-1.00	-1.00	-1.00	-1.00	-1.00	-1.00	50.69
-1.00	-1.00	-1.00	-1.00	-1.00	-1.00	-1.00	50.56
-1.00	-1.00	-1.00	-1.00	-1.00	-1.00	-1.00	51.02
-1.00	-1.00	-1.00	-1.00	-1.00	-1.00	-1.00	51.07
-1.00	-1.00	-1.00	-1.00	-1.00	-1.00	-1.00	50.93
-1.00	-1.00	-1.00	-1.00	-1.00	-1.00	-1.00	50.82
-1.00	-1.00	-1.00	-1.00	-1.00	-1.00	-1.00	50.32
-1.00	-1.00	-1.00	-1.00	-1.00	-1.00	-1.00	50.34
-1.00	-1.00	-1.00	-1.00	-1.00	-1.00	-1.00	50.72
-1.00	-1.00	-1.00	-1.00	-1.00	-1.00	-1.00	50.49
-1.00	-1.00	-1.00	-1.00	-1.00	-1.00	-1.00	51.04
-1.00	-1.00	-1.00	-1.00	-1.00	-1.00	-1.00	50.41
-1.00	-1.00	-1.00	-1.00	-1.00	-1.00	-1.00	50.55
-1.00	-1.00	-1.00	-1.00	-1.00	-1.00	-1.00	50.40
-1.00	-1.00	-1.00	-1.00	-1.00	-1.00	-1.00	49.95
-1.00	-1.00	-1.00	-1.00	-1.00	-1.00	-1.00	49.73
-1.00	-1.00	-1.00	-1.00	-1.00	-1.00	-1.00	49.40
-1.00	-1.00	-1.00	-1.00	-1.00	-1.00	-1.00	48.49
-1.00	-1.00	-1.00	-1.00	-1.00	-1.00	-1.00	45.98
-1.00	-1.00	-1.00	-1.00	-1.00	-1.00	-1.00	43.67
-1.00	-1.00	-1.00	-1.00	-1.00	-1.00	-1.00	44.85
-1.00	-1.00	-1.00	-1.00	-1.00	-1.00	-1.00	43.79
-1.00	-1.00	-1.00	-1.00	-1.00	-1.00	-1.00	41.55
-1.00	-1.00	-1.00	-1.00	-1.00	-1.00	-1.00	41.48
-1.00	-1.00	-1.00	-1.00	-1.00	-1.00	-1.00	39.20
-1.00	-1.00	-1.00	-1.00	-1.00	-1.00	-1.00	38.54
-1.00	-1.00	-1.00	-1.00	-1.00	-1.00	-1.00	37.45
-1.00	-1.00	-1.00	-1.00	-1.00	-1.00	-1.00	36.56
-1.00	-1.00	-1.00	-1.00	-1.00	-1.00	-1.00	39.47
-1.00	-1.00	-1.00	-1.00	-1.00	-1.00	-1.00	40.59
-1.00	-1.00	-1.00	-1.00	-1.00	-1.00	-1.00	39.46
-1.00	-1.00	-1.00	-1.00	-1.00	-1.00	-1.00	37.92
-1.00	-1.00	-1.00	-1.00	-1.00	-1.00	-1.00	35.78
-1.00	-1.00	-1.00	-1.00	-1.00	-1.00	-1.00	34.26
-1.00	-1.00	-1.00	-1.00	-1.00	-1.00	-1.00	33.58
-1.00	-1.00	-1.00	-1.00	-1.00	-1.00	-1.00	31.66
-1.00	-1.00	-1.00	-1.00	-1.00	-1.00	-1.00	30.91
-1.00	-1.00	-1.00	-1.00	-1.00	-1.00	-1.00	30.96
-1.00	-1.00	-1.00	-1.00	-1.00	-1.00	-1.00	30.69
-1.00	-1.00	-1.00	-1.00	-1.00	-1.00	-1.00	31.22
-1.00	-1.00	-1.00	-1.00	-1.00	-1.00	-1.00	31.64
-1.00	-1.00	-1.00	-1.00	-1.00	-1.00	-1.00	32.95
-1.00	-1.00	-1.00	-1.00	-1.00	-1.00	-1.00	33.74
-1.00	-1.00	-1.00	-1.00	-1.00	-1.00	-1.00	34.98
-1.00	-1.00	-1.00	-1.00	-1.00	-1.00	-1.00	36.70
-1.00	-1.00	-1.00	-1.00	-1.00	-1.00	-1.00	37.01
-1.00	-1.00	-1.00	-1.00	-1.00	-1.00	-1.00	35.85
-1.00	-1.00	-1.00	-1.00	-1.00	-1.00	-1.00	36.49
-1.00	-1.00	-1.00	-1.00	-1.00	-1.00	-1.00	39.85
-1.00	-1.00	-1.00	-1.00	-1.00	-1.00	-1.00	44.40
-1.00	-1.00	-1.00	-1.00	-1.00	-1.00	-1.00	45.82
-1.00	-1.00	-1.00	-1.00	-1.00	-1.00	-1.00	45.64
-1.00	-1.00	-1.00	-1.00	-1.00	-1.00	-1.00	44.26
-1.00	-1.00	-1.00	-1.00	-1.00	-1.00	-1.00	44.01
-1.00	-1.00	-1.00	-1.00	-1.00	-1.00	-1.00	44.99
-1.00	-1.00	-1.00	-1.00	-1.00	-1.00	-1.00	48.24
-1.00	-1.00	-1.00	-1.00	-1.00	-1.00	-1.00	50.59
-1.00	-1.00	-1.00	-1.00	-1.00	-1.00	-1.00	48.91
-1.00	-1.00	-1.00	-1.00	-1.00	-1.00	-1.00	49.02
-1.00	-1.00	-1.00	-1.00	-1.00	-1.00	-1.00	47.74
-1.00	-1.00	-1.00	-1.00	-1.00	-1.00	-1.00	47.37
-1.00	-1.00	-1.00	-1.00	-1.00	-1.00	-1.00	51.44
-1.00	-1.00	-1.00	-1.00	-1.00	-1.00	-1.00	53.34
-1.00	-1.00	-1.00	-1.00	-1.00	-1.00	-1.00	53.16
-1.00	-1.00	-1.00	-1.00	-1.00	-1.00	-1.00	53.24
-1.00	-1.00	-1.00	-1.00	-1.00	-1.00	-1.00	52.68
-1.00	-1.00	-1.00	-1.00	-1.00	-1.00	-1.00	84.88
-1.00	-1.00	-1.00	-1.00	-1.00	-1.00	-1.00	85.89
-1.00	-1.00	-1.00	-1.00	-1.00	-1.00	-1.00	88.22
177.40	90.74	89.27	172.24	170.10	114.15	88.86	86.44
178.40	90.25	89.76	171.95	169.44	110.61	89.44	86.64
179.01	89.57	90.45	172.58	169.38	109.93	90.28	85.57
179.34	89.33	90.68	172.51	165.33	111.75	91.53	86.48
179.04	89.09	90.92	172.20	164.26	110.55	91.58	84.11
179.31	89.32	90.70	172.03	164.36	111.30	91.86	86.86
179.15	89.18	90.83	171.21	163.39	111.20	98.19	85.07
178.73	88.96	91.06	170.92	163.24	110.99	97.17	86.74
178.49	89.02	91.00	170.77	159.97	111.82	95.38	84.10
178.72	89.15	90.86	170.63	157.14	111.36	94.95	86.28
178.86	89.31	90.70	170.27	155.05	110.95	95.04	84.97
179.15	89.60	90.41	170.23	153.89	110.04	94.59	87.05
179.39	89.73	90.28	170.22	152.42	109.96	94.81	86.04
179.13	89.27	90.74	168.91	150.93	110.75	93.36	85.76
178.23	89.49	90.52	168.73	149.61	111.03	93.34	85.51
177.63	89.65	90.36	167.27	149.66	110.77	93.13	84.37
177.05	89.76	90.25	167.03	149.38	110.77	92.82	84.14
176.69	89.83	90.19	167.04	147.78	110.58	93.15	83.88
177.06	89.81	90.21	167.45	147.09	110.44	93.48	85.26
177.28	89.85	90.16	167.58	146.46	110.20	93.52	86.12
176.85	90.02	89.99	167.46	145.54	109.92	90.34	84.69
176.86	90.30	89.71	167.49	145.21	109.27	92.46	86.02
176.78	90.43	89.59	167.40	145.55	109.86	93.32	84.97
176.39	90.30	89.71	166.11	145.32	110.13	93.49	84.97
176.18	90.26	89.75	165.89	145.58	110.52	93.64	84.39
176.36	90.51	89.50	166.00	145.85	110.57	94.38	84.47
177.47	90.37	89.64	166.30	147.40	109.72	95.58	84.21
178.02	90.48	89.54	166.96	148.18	109.10	95.80	85.63
177.87	90.49	89.53	167.03	156.21	109.15	95.75	86.12
177.80	90.45	89.56	167.22	157.19	108.64	95.56	85.90
177.69	90.56	89.45	165.89	156.18	108.27	95.77	86.27
177.68	90.63	89.38	165.70	155.31	106.82	96.47	86.16
177.90	90.74	89.27	165.76	157.33	107.45	96.61	86.65
178.74	91.21	88.81	166.32	163.05	106.65	97.67	86.86
178.37	91.52	88.49	166.23	165.49	105.61	98.37	86.41
178.62	91.40	88.61	166.51	164.93	106.38	97.47	84.44
178.59	91.42	88.59	166.72	164.77	106.88	97.16	84.97
178.54	91.46	88.55	166.79	164.62	106.91	96.65	87.31
178.58	91.43	88.58	166.74	162.29	106.65	96.04	86.18
178.52	91.50	88.51	166.77	162.40	106.45	95.66	85.55
178.57	91.45	88.57	166.84	162.15	106.28	95.38	86.52
178.63	91.34	88.68	166.76	161.84	106.48	95.40	87.14
178.61	91.21	88.81	166.65	161.75	106.29	95.00	87.49
178.41	91.12	88.89	166.56	161.58	108.04	95.07	86.81
178.02	90.90	89.12	166.45	161.83	111.74	95.18	85.84
177.57	90.61	89.40	165.54	161.50	112.54	95.15	86.91
177.08	90.26	89.75	165.17	161.54	111.84	97.08	86.42
176.93	90.25	89.77	165.17	161.28	112.19	98.15	84.28
176.69	90.10	89.91	165.56	160.47	111.54	100.29	87.12
176.78	89.95	90.07	165.33	160.04	111.17	101.17	86.26
177.59	89.92	90.09	166.21	161.57	110.76	103.92	86.51
177.01	90.07	89.94	166.83	158.78	110.97	111.62	85.80
176.89	90.36	89.66	167.83	156.93	110.38	122.46	84.66
177.92	91.28	88.73	169.18	157.66	108.62	123.44	87.14
177.88	91.66	88.36	169.77	157.90	107.25	123.68	85.20
177.55	92.30	87.71	170.47	158.08	105.67	124.51	85.18
177.17	92.13	87.88	170.76	157.30	104.48	125.02	85.85
176.78	92.03	87.99	171.09	156.95	105.26	128.71	87.45
175.87	92.67	87.34	171.13	161.70	104.68	127.69	85.04
175.58	92.86	87.16	171.10	161.88	104.39	119.16	86.32
175.73	92.81	87.20	170.44	164.24	105.10	114.84	87.13
175.13	92.95	87.06	170.02	165.55	105.17	113.37	85.43
174.79	92.82	87.19	169.31	166.65	104.75	113.27	84.39
175.12	92.68	87.33	169.84	167.05	105.44	113.87	85.44
175.06	93.01	87.00	170.00	167.30	105.70	114.04	84.30
174.09	93.13	86.88	170.02	167.39	104.90	111.37	83.97
173.81	93.13	86.89	170.00	168.04	104.51	109.44	85.40
173.02	92.73	87.29	169.77	168.71	103.91	107.59	83.52
172.67	91.89	88.13	169.41	171.27	102.15	106.52	83.19
170.88	91.00	89.01	168.81	171.69	101.21	105.53	80.78
170.30	90.43	89.59	168.57	171.54	100.78	104.89	80.23
170.59	90.68	89.34	168.61	170.30	101.60	104.57	81.92
171.42	88.58	91.43	167.98	171.13	106.48	104.46	81.92
173.31	87.03	92.98	167.72	172.00	106.52	104.86	81.58
172.55	87.36	92.65	167.62	171.11	107.00	104.52	81.33
171.17	88.57	91.44	167.53	169.70	104.13	104.06	81.24
163.92	88.89	91.13	166.70	170.45	101.12	103.36	77.17
160.29	89.47	90.54	167.17	170.39	99.97	102.67	73.92
157.97	89.93	90.08	166.97	170.01	100.08	101.99	72.88
161.21	89.17	90.84	166.09	171.48	100.86	103.54	75.15
158.00	92.19	87.83	165.78	170.21	98.25	104.35	72.90
157.95	90.74	89.27	164.48	171.11	98.68	106.68	72.67
160.02	90.85	89.16	165.63	171.32	99.08	105.76	72.80
164.21	91.49	88.53	167.22	168.83	99.45	107.04	75.93
165.53	92.78	87.24	168.25	167.26	100.30	109.22	77.00
167.77	94.19	85.82	168.90	166.13	102.54	113.53	78.18
170.43	95.66	84.35	169.54	166.13	104.36	113.86	81.00
170.64	96.97	83.04	169.19	164.71	113.05	112.05	80.76
170.50	98.69	81.33	169.44	163.85	116.11	111.41	80.67
168.98	100.98	79.04	170.22	162.53	118.02	112.62	80.56
168.34	101.47	78.55	170.11	164.35	121.33	111.81	80.76
168.93	100.82	79.19	169.11	165.80	123.48	111.83	80.88
168.38	101.33	78.68	169.12	166.61	125.00	111.21	80.39
168.43	101.10	78.92	167.55	166.55	123.46	111.28	80.85
170.96	98.79	81.23	167.62	175.28	126.28	112.41	81.96
171.78	97.97	82.04	166.69	175.81	127.41	113.07	81.20
172.08	97.48	82.54	166.71	175.58	129.37	112.93	82.89
172.44	97.15	82.86	167.07	174.88	128.72	112.39	81.83
171.84	97.77	82.24	166.08	173.49	129.55	112.82	82.67
171.93	96.91	83.10	165.96	172.32	130.16	112.79	82.54
172.03	95.67	84.34	165.25	172.53	97.30	117.14	81.68
172.14	94.17	85.84	164.59	175.43	98.39	118.36	80.12
172.25	93.44	86.58	164.39	176.10	97.63	117.51	80.29
171.79	92.13	87.88	163.62	176.45	95.14	116.42	79.72
171.00	91.03	88.98	163.63	177.18	94.78	114.08	79.11
170.32	90.04	89.97	163.65	177.85	94.19	111.41	79.20
169.13	88.36	91.66	163.93	178.52	93.25	114.18	78.05
166.76	88.31	91.71	164.68	170.46	90.10	113.78	76.83
163.45	87.58	92.43	165.82	165.98	90.50	113.41	75.20
163.08	85.94	94.07	164.01	166.69	90.35	114.71	73.81
163.14	84.84	95.17	162.89	170.11	90.92	117.97	73.26
158.78	85.27	94.74	162.83	168.75	88.19	117.94	70.95
158.85	84.51	95.50	162.88	169.43	88.86	117.34	71.22
154.61	83.54	96.47	158.42	166.02	88.88	118.70	69.80
154.52	83.39	96.62	156.43	165.10	88.55	119.05	70.17
155.77	83.81	96.20	156.41	165.23	86.22	119.56	70.86
156.62	83.20	96.81	154.90	167.44	86.46	120.47	71.71
157.13	83.22	96.79	154.88	167.78	86.14	120.30	71.27
157.98	84.25	95.76	156.44	168.32	82.58	120.75	71.40
158.73	85.46	94.55	156.88	167.76	81.91	120.96	71.57
159.69	85.28	94.73	156.58	168.00	80.96	120.95	72.53
159.76	85.37	94.65	155.98	167.18	80.26	121.30	72.13
160.07	85.92	94.09	156.44	166.66	79.04	121.13	72.67
160.11	85.42	94.59	156.30	166.90	79.56	121.14	72.64
161.06	84.83	95.18	156.39	167.71	80.33	121.21	72.48
161.77	84.64	95.37	156.00	168.21	80.85	120.87	73.15
162.73	84.58	95.43	155.77	168.94	81.92	120.57	73.46
163.03	84.78	95.23	155.38	168.60	80.79	120.98	73.27
162.61	84.50	95.51	156.12	168.85	80.20	121.61	73.52
163.25	84.19	95.82	157.32	169.36	79.77	121.42	74.20
165.15	86.09	93.92	156.69	164.18	78.88	118.72	74.30
165.66	85.98	94.04	157.95	166.48	78.57	119.37	75.39
165.68	85.64	94.37	157.08	167.61	78.79	119.71	74.88
164.82	84.91	95.10	158.55	168.13	80.14	119.03	75.25
165.08	84.98	95.04	158.29	168.23	74.15	119.27	75.46
165.06	85.36	94.65	156.96	169.24	72.36	118.18	75.78
165.47	84.88	95.14	155.57	170.56	76.26	118.67	76.15
164.17	83.93	96.08	154.73	171.64	79.01	119.58	74.69
163.31	83.58	96.43	155.42	171.85	80.78	120.02	74.95
162.86	83.87	96.15	155.60	170.18	80.94	119.61	74.67
163.34	84.53	95.48	156.05	169.88	79.84	117.36	74.91
165.29	86.66	93.35	156.52	169.50	78.93	115.76	77.06
166.87	87.82	92.20	156.59	169.16	108.42	114.59	78.13
170.38	89.59	90.43	157.03	169.43	109.04	113.47	80.87
178.05	88.59	91.43	155.90	171.53	113.82	113.69	84.19
179.00	89.05	90.96	155.83	172.26	110.66	113.79	85.40
176.96	88.42	91.59	156.22	173.86	108.02	114.26	85.15
177.26	88.80	91.22	156.79	174.39	106.46	114.42	84.33
176.31	88.85	91.16	157.32	174.59	106.03	114.21	85.13
178.14	89.77	90.25	158.03	174.24	106.80	114.28	85.41
179.06	90.89	89.13	158.59	173.59	108.28	113.46	86.65
178.92	90.90	89.11	159.01	173.55	108.33	112.95	87.20
179.01	90.89	89.12	158.96	173.50	109.63	112.55	84.67
178.83	91.15	88.86	160.19	172.98	109.63	112.10	87.04
177.25	92.28	87.73	160.82	172.26	108.96	111.76	83.92
176.58	92.60	87.41	161.33	171.91	108.82	111.61	85.04
175.79	92.74	87.28	161.81	171.47	109.07	111.33	84.05
174.62	93.22	86.80	162.27	171.06	109.63	111.13	82.74
173.06	94.19	85.82	162.70	170.72	109.93	110.94	81.65
173.18	94.16	85.86	163.10	170.67	110.05	110.72	82.40
172.18	94.61	85.40	163.44	170.54	109.98	110.58	81.52
170.80	94.76	85.25	163.60	170.19	110.45	110.49	81.04
170.21	95.37	84.65	164.20	169.89	110.58	110.40	79.40
169.91	95.67	84.35	164.57	169.46	110.54	110.12	79.26
168.83	96.34	83.68	164.80	168.54	110.70	109.70	79.32
167.16	97.60	82.41	165.09	168.79	110.68	109.48	76.96
165.87	98.90	81.11	165.37	166.57	110.83	109.05	76.98
165.55	99.25	80.76	165.71	167.64	110.88	108.90	76.28
165.69	99.10	80.92	165.94	168.26	110.93	108.86	76.21
165.10	99.62	80.39	166.14	168.76	110.79	109.30	76.16
164.74	99.95	80.06	166.47	169.55	110.63	109.50	75.46
164.18	100.51	79.51	166.78	169.48	110.80	108.44	75.01
164.24	100.47	79.55	167.04	170.64	110.56	108.17	74.17
163.62	101.06	78.95	167.54	171.03	110.50	107.54	73.81
164.29	101.08	78.93	168.82	171.15	110.36	107.15	73.97
164.01	101.35	78.66	168.88	171.14	110.07	107.24	73.75
164.61	100.75	79.26	168.70	171.44	110.45	107.67	74.27
165.27	100.21	79.81	168.55	171.53	110.82	108.04	75.13
167.36	98.51	81.51	168.24	171.36	110.98	108.25	76.33
170.64	96.65	83.36	168.12	171.50	110.91	108.50	78.93
173.22	95.51	84.50	167.72	171.01	111.19	108.65	81.79
174.18	95.11	84.90	167.68	170.89	111.47	108.60	83.18
174.61	95.02	85.00	167.75	170.96	111.06	108.60	82.95
175.03	94.72	85.30	167.83	171.23	110.52	108.67	83.32
174.39	95.41	84.60	168.15	171.07	110.08	108.27	84.48
174.57	95.15	84.87	168.01	171.49	110.56	108.87	84.50
174.44	94.99	85.02	167.95	171.72	110.68	109.33	83.75
173.62	95.16	84.85	167.76	171.67	110.93	109.56	83.60
174.30	94.80	85.21	167.51	171.42	110.35	109.45	83.42
175.65	94.24	85.77	167.35	171.47	110.39	109.41	85.02
175.71	94.30	85.72	167.36	170.84	110.12	109.48	84.96
175.39	94.37	85.64	167.13	169.61	110.23	110.63	85.16
175.36	94.37	85.64	166.90	169.07	109.76	111.43	84.33
175.51	94.11	85.91	166.64	169.03	108.84	111.96	85.92
175.64	93.95	86.06	166.33	169.16	106.61	112.06	84.50
175.66	94.25	85.77	166.21	169.84	104.91	111.39	84.99
175.53	94.49	85.52	166.15	169.72	103.54	111.20	85.27
175.16	94.85	85.16	166.86	169.38	103.67	111.05	83.52
175.16	94.36	85.65	166.56	167.93	106.19	110.86	84.00
173.65	94.71	85.30	167.17	167.77	107.95	110.99	83.38
172.14	95.79	84.22	167.77	166.73	109.90	110.89	82.32
170.73	97.48	82.53	168.61	165.90	111.96	110.44	80.37
169.99	98.01	82.00	169.35	165.23	114.84	109.18	80.89
169.89	98.36	81.65	170.28	165.09	116.03	108.48	80.66
169.22	99.36	80.65	171.59	165.02	116.65	108.06	79.51
169.08	100.25	79.77	173.65	165.50	118.06	107.73	79.35
168.47	101.19	78.82	173.50	165.12	118.84	108.05	78.70
168.07	101.57	78.44	173.35	164.80	119.37	107.92	77.67
167.68	101.93	78.09	173.12	164.34	119.37	108.01	77.30
167.53	102.10	77.92	172.48	164.26	119.14	108.23	77.67
167.25	102.23	77.79	173.29	163.76	118.61	108.19	77.31
167.15	101.86	78.16	173.79	162.80	117.87	108.28	77.66
167.32	101.65	78.36	173.47	162.80	117.85	108.18	77.04
167.53	101.33	78.68	173.11	163.39	117.52	108.13	77.45
167.37	100.76	79.26	172.77	162.60	116.47	108.33	77.61
167.58	99.63	80.38	172.73	162.17	115.91	108.27	78.68
167.86	98.29	81.72	172.70	161.86	115.07	108.32	78.69
168.57	96.51	83.50	172.74	161.77	114.56	108.46	79.81
168.93	94.80	85.22	172.71	161.29	113.85	108.30	81.46
169.36	93.06	86.95	172.61	160.94	113.45	108.53	82.30
169.73	91.95	88.06	172.80	161.18	113.66	108.37	82.04
169.67	90.91	89.10	172.67	161.57	113.07	108.33	83.86
169.83	89.98	90.03	172.71	162.03	112.17	108.24	83.22
169.40	88.75	91.26	172.68	162.67	111.77	108.25	82.69
169.09	87.68	92.34	172.74	163.36	111.21	108.09	83.02
168.28	86.70	93.31	167.69	163.91	110.82	107.98	81.62
167.54	86.14	93.87	167.87	164.06	110.40	107.92	81.18
166.97	86.38	93.63	167.79	164.32	110.38	107.81	80.84
166.69	86.43	93.59	167.94	164.88	110.32	107.76	80.99
166.72	86.62	93.40	167.81	165.47	111.15	107.75	80.95
166.54	86.68	93.33	167.62	165.98	111.73	107.62	81.01
166.68	86.55	93.46	167.67	166.64	110.53	107.50	81.13
166.85	86.45	93.56	167.59	167.13	109.91	107.35	81.76
167.41	86.81	93.20	166.61	167.75	109.61	107.26	82.34
167.86	86.96	93.05	166.68	167.49	109.18	107.29	81.82
168.15	86.88	93.13	165.84	167.17	109.12	107.45	82.67
168.42	86.92	93.10	165.88	166.97	109.05	107.73	82.12
168.53	87.06	92.95	165.88	167.15	109.19	108.05	81.94
168.28	87.27	92.75	165.62	167.05	109.36	108.18	82.13
168.24	87.57	92.44	165.61	166.76	109.43	108.44	82.23
167.78	87.75	92.26	165.24	166.72	109.32	108.57	82.29
167.55	88.31	91.70	165.18	166.69	109.58	108.50	81.72
167.29	88.82	91.19	164.51	166.48	109.76	108.44	81.22
166.89	89.19	90.82	163.33	166.15	109.26	108.41	80.29
165.87	90.32	89.70	162.39	165.71	109.17	108.42	79.46
165.09	91.24	88.77	161.62	165.69	109.08	108.33	78.37
164.85	91.53	88.48	160.89	165.73	108.67	108.15	78.83
164.31	91.83	88.18	160.24	165.71	108.89	108.24	77.50
164.36	91.96	88.05	160.01	165.99	109.06	108.51	77.27
164.49	91.94	88.07	159.58	166.10	108.94	108.75	77.75
164.93	91.64	88.38	159.03	165.74	109.13	108.90	78.42
164.30	91.75	88.27	158.28	165.31	108.98	109.07	77.89
163.99	91.90	88.11	157.81	164.60	108.23	108.92	77.95
164.11	91.66	88.36	157.28	164.03	109.80	109.04	77.62
163.96	91.67	88.34	156.77	163.48	110.01	109.21	77.90
163.78	91.56	88.46	155.75	162.50	109.58	109.49	77.44
163.72	91.65	88.36	155.79	162.31	108.96	109.60	77.40
163.75	91.57	88.44	155.66	161.89	109.09	110.04	77.73
163.96	91.59	88.42	155.19	161.71	108.57	109.77	78.11
164.10	91.61	88.40	154.44	161.99	107.91	109.60	77.89
164.24	91.53	88.48	153.62	162.09	107.58	109.73	77.86
164.78	91.34	88.67	153.31	162.50	107.44	109.80	78.07
165.96	90.94	89.07	153.04	162.94	108.37	109.82	79.38
166.41	90.95	89.07	152.84	162.94	110.07	109.77	79.38
166.76	90.78	89.23	152.62	162.95	109.56	109.78	79.41
167.01	90.47	89.54	153.09	163.05	109.24	109.90	80.02
167.49	89.90	90.11	154.28	163.04	109.03	109.89	80.39
168.18	88.69	91.33	155.06	162.79	108.74	109.67	81.09
168.24	88.30	91.72	155.78	162.39	108.26	109.55	82.31
168.45	87.23	92.79	156.39	162.22	107.90	109.67	81.50
168.39	85.98	94.04	158.49	162.49	106.70	109.60	82.35
168.27	84.87	95.14	159.09	162.61	106.80	109.61	81.02
168.35	83.94	96.07	159.17	164.40	106.75	109.45	81.04
168.29	83.40	96.61	160.94	164.49	106.52	109.22	81.18
168.26	82.98	97.03	161.55	165.51	105.96	109.02	80.76
168.51	82.97	97.04	162.12	165.93	105.70	108.90	81.55
168.40	82.88	97.13	162.47	166.09	106.03	108.88	81.48
168.25	82.67	97.34	162.74	166.40	105.65	108.72	81.15
168.34	82.45	97.56	162.83	167.25	105.10	108.66	80.34
168.46	82.10	97.91	163.59	167.90	104.39	108.66	80.32
168.89	82.22	97.79	163.80	170.24	103.64	108.68	81.05
168.90	81.83	98.18	164.09	170.89	103.39	108.80	80.36
169.25	81.70	98.32	164.55	172.48	103.19	109.07	81.21
169.28	81.38	98.63	165.08	173.27	103.02	109.37	80.57
169.25	81.15	98.86	165.26	174.01	102.76	109.57	81.80
169.30	81.03	98.99	165.17	174.25	102.35	110.64	81.60
169.49	81.06	98.95	165.28	174.46	102.22	110.41	81.25
169.81	81.31	98.71	165.58	174.58	102.32	110.53	81.80
169.93	81.40	98.61	165.90	175.43	102.42	110.93	82.23
170.38	81.75	98.26	166.49	175.97	101.92	108.45	82.78
170.85	82.16	97.86	166.65	176.14	101.87	107.12	82.48
171.40	82.52	97.49	167.60	176.28	101.83	107.50	82.89
172.35	83.05	96.96	167.88	176.44	101.12	109.01	82.87
172.72	83.29	96.72	167.89	176.24	101.12	108.45	84.55
173.57	83.91	96.10	167.97	175.75	100.94	109.10	83.02
173.94	84.25	95.76	167.98	175.72	100.82	108.77	84.65
174.40	84.64	95.37	168.59	175.90	100.94	108.20	85.29
174.78	85.06	94.95	168.54	176.01	101.04	107.55	83.68
175.25	85.41	94.61	169.04	175.98	101.29	107.54	84.29
175.40	85.52	94.50	169.13	176.11	101.65	107.71	83.96
175.41	85.56	94.45	168.95	176.12	101.96	107.99	85.90
175.77	85.88	94.13	168.88	175.98	102.28	108.26	84.24
175.71	85.83	94.18	168.68	175.86	103.54	110.03	85.51
175.56	85.71	94.31	168.42	175.91	103.59	109.96	86.05
175.49	85.71	94.30	168.37	175.78	104.59	109.72	86.25
175.42	85.74	94.27	167.85	175.76	105.67	109.85	85.41
175.39	85.80	94.21	167.74	175.74	106.50	109.73	85.14
175.37	85.88	94.13	167.62	175.51	107.05	110.39	85.28
175.57	85.96	94.05	167.63	175.28	107.88	110.16	85.81
175.83	86.12	93.89	167.63	174.73	107.16	109.96	86.10
176.11	86.32	93.70	167.61	174.37	105.86	109.73	85.31
176.39	86.57	93.44	167.65	174.16	104.62	109.45	86.69
176.52	86.83	93.19	167.61	173.79	103.77	109.07	85.23
176.75	87.21	92.81	167.71	173.12	103.85	109.29	84.66
176.80	87.51	92.50	167.70	172.29	103.55	109.36	85.78
176.89	87.92	92.10	167.66	171.36	103.76	109.41	86.90
177.02	88.37	91.65	167.67	170.61	104.48	109.24	85.19
177.00	88.79	91.22	167.69	170.51	107.12	108.93	86.47
176.86	89.22	90.79	167.67	169.89	108.00	108.84	85.34
176.66	89.66	90.35	167.66	169.43	107.87	108.98	85.44
176.25	90.35	89.67	169.02	169.51	109.57	108.85	85.88
176.21	90.54	89.48	169.18	169.25	109.73	108.57	86.15
176.01	91.47	88.54	169.33	168.73	110.99	108.43	87.57
176.15	91.51	88.50	169.16	168.47	110.71	108.64	86.17
176.32	91.85	88.17	169.21	168.11	111.08	108.83	86.83
176.11	92.21	87.80	169.16	167.83	110.93	108.94	85.30
176.07	92.41	87.61	169.08	167.60	110.46	108.92	84.57
175.95	92.56	87.45	168.98	166.26	111.06	109.04	85.19
176.24	92.51	87.50	168.97	165.31	111.23	109.12	84.45
176.26	92.47	87.55	168.89	164.69	111.38	109.59	84.47
176.21	92.52	87.49	168.90	164.13	111.29	110.18	85.06
175.98	92.68	87.33	168.94	163.92	110.97	109.95	85.32
175.88	92.75	87.26	168.99	163.84	110.59	109.78	84.12
175.79	92.84	87.17	169.52	164.16	109.90	109.75	85.77
175.92	92.78	87.23	169.64	164.31	110.09	109.61	85.10
175.90	92.69	87.33	169.59	164.48	109.09	109.68	84.08
176.06	92.62	87.39	169.61	164.68	109.52	109.48	84.16
176.36	92.37	87.65	170.27	165.20	109.99	109.18	84.83
176.52	92.19	87.82	170.33	165.71	109.17	109.21	86.52
176.80	91.86	88.16	170.34	166.14	109.38	109.39	84.86
176.92	91.57	88.44	170.35	166.47	109.00	109.36	87.44
177.55	90.74	89.28	170.50	166.55	106.94	109.26	85.02
177.77	90.03	89.98	170.45	166.79	107.10	109.40	86.89
177.64	89.32	90.69	170.36	167.24	106.91	109.55	85.48
177.66	89.09	90.92	170.35	167.62	106.72	109.47	86.21
177.42	88.46	91.56	170.19	168.21	106.39	109.29	85.97
177.05	87.84	92.17	170.18	168.50	106.48	109.08	84.84
176.92	87.59	92.42	170.29	167.89	105.92	108.81	86.87
176.80	87.51	92.50	170.29	167.92	105.99	108.53	85.31
176.74	87.33	92.68	170.40	167.93	105.80	108.77	85.37
176.97	87.47	92.54	170.42	167.85	105.57	108.99	85.96
177.07	87.53	92.48	170.48	167.69	105.33	109.03	85.49
177.00	87.35	92.67	170.41	167.27	104.58	109.19	85.75
176.87	87.24	92.77	170.39	166.84	104.14	108.85	85.95
176.75	87.15	92.87	170.31	166.39	103.87	108.90	86.38
176.82	87.14	92.87	170.30	166.22	104.24	109.05	85.14
177.09	87.29	92.72	170.31	166.13	104.59	109.37	85.19
177.32	87.51	92.50	170.28	165.73	105.53	109.71	86.31
177.50	87.71	92.30	170.24	165.39	106.50	110.82	85.06
177.68	87.98	92.03	170.21	164.95	107.24	110.62	84.46
177.73	88.24	91.77	168.38	164.60	107.90	110.70	84.60
177.73	88.50	91.51	168.29	164.08	107.92	110.48	87.32
177.77	89.08	90.93	166.86	164.52	105.83	110.19	85.68
177.67	89.39	90.62	166.78	165.47	103.94	109.98	84.89
177.34	89.31	90.70	166.75	166.45	102.98	108.76	85.03
177.08	89.12	90.89	166.42	167.75	104.47	109.45	88.72
176.77	89.88	90.13	166.44	168.69	103.30	109.39	85.97
176.70	89.73	90.28	166.50	169.30	104.65	109.73	84.70
176.62	89.65	90.37	166.60	169.71	104.01	109.67	85.09
176.32	89.72	90.30	166.54	169.71	103.69	109.21	84.91
176.05	89.76	90.26	166.47	169.16	104.63	109.58	86.34
175.90	89.93	90.08	166.47	168.54	104.71	109.62	87.66
175.91	89.85	90.16	166.45	168.16	104.61	109.75	85.81
175.85	89.78	90.23	166.44	167.81	104.52	109.70	85.78
175.84	89.72	90.30	166.38	167.79	104.21	109.83	86.36
175.74	89.86	90.15	166.53	167.40	104.83	109.94	86.30
175.85	89.83	90.18	166.54	167.03	105.07	110.40	84.79
176.04	89.90	90.11	166.60	167.06	105.24	110.84	86.73
176.21	90.01	90.01	166.64	166.83	105.03	111.57	85.50
176.30	90.09	89.92	166.68	167.38	104.69	111.26	86.02
176.20	90.03	89.98	166.63	168.18	104.02	111.17	85.54
176.13	89.95	90.06	166.59	168.74	103.98	111.28	85.10
176.07	89.71	90.30	166.66	169.28	103.65	111.25	84.65
175.76	89.37	90.64	166.63	169.81	103.27	110.98	84.87
175.58	89.14	90.87	166.73	169.92	103.27	110.81	85.66
175.41	88.91	91.10	166.66	169.84	102.87	110.78	85.03
175.36	88.63	91.38	166.57	170.03	102.61	110.75	86.08
175.48	88.42	91.59	166.58	169.90	102.13	110.51	85.43
175.58	88.41	91.60	166.76	169.75	102.21	110.30	87.68
175.85	88.51	91.50	167.07	169.49	102.49	110.07	87.36
176.30	88.60	91.42	167.30	169.27	101.94	109.81	87.11
176.75	88.72	91.29	167.53	169.03	101.65	109.43	84.96
177.11	88.82	91.20	167.71	170.10	101.47	108.92	84.93
177.15	89.01	91.00	167.85	170.18	100.86	113.55	89.07
177.08	88.87	91.15	167.90	170.21	100.75	116.18	87.27
176.93	88.83	91.18	168.04	172.66	100.68	117.12	85.27
176.85	88.79	91.22	168.08	173.83	101.05	117.14	88.77
176.57	88.56	91.45	167.99	174.32	101.35	117.76	85.70
176.47	88.39	91.62	168.03	175.95	101.41	123.71	86.38
176.85	88.35	91.66	168.21	178.00	101.37	128.03	86.16
176.93	88.41	91.61	168.30	177.63	101.31	129.64	86.26
176.74	88.89	91.12	168.27	177.62	101.84	130.06	84.83
176.76	88.97	91.05	168.26	178.02	102.41	130.76	88.04
177.15	88.96	91.05	168.45	178.61	102.63	132.11	85.10
179.19	89.95	90.06	169.98	177.96	103.13	132.88	86.35
179.27	89.28	90.73	169.50	178.79	103.26	137.74	84.61
178.73	88.73	91.28	169.24	178.51	102.71	140.26	87.02
177.73	87.81	92.21	168.02	177.57	100.97	142.67	84.79
177.78	88.02	92.00	168.67	176.72	101.25	143.45	85.86
177.40	87.45	92.57	168.75	174.28	101.58	143.31	84.40
176.75	86.75	93.27	168.15	173.03	101.28	144.09	85.88
176.71	86.70	93.31	168.51	172.45	101.17	143.83	84.82
176.70	86.70	93.32	168.68	171.52	101.38	143.04	85.50
176.55	86.78	93.23	169.04	170.91	102.34	141.02	83.60
176.39	87.22	92.79	171.15	171.11	104.80	135.54	85.69
177.01	87.37	92.64	170.51	172.64	104.31	133.87	86.08
177.53	87.72	92.29	170.29	174.28	104.67	133.11	84.44
177.76	87.87	92.14	170.10	175.24	104.69	133.29	85.04
177.85	87.91	92.11	169.95	175.15	104.72	130.93	86.67
178.04	88.06	91.96	169.87	177.18	104.70	128.05	85.17
178.02	88.01	92.00	169.73	177.98	104.72	124.12	84.51
178.11	88.11	91.90	169.80	179.33	104.67	121.29	84.83
178.25	88.26	91.75	169.64	179.09	104.67	118.56	85.89
178.23	88.31	91.70	169.46	178.88	104.57	117.38	85.85
178.18	88.36	91.66	169.26	176.94	104.70	116.49	86.27
178.24	88.41	91.60	169.12	176.38	104.67	115.61	84.80
178.38	88.49	91.52	169.09	175.69	104.64	116.03	85.59
178.37	88.53	91.48	169.12	174.85	104.47	115.97	86.69
178.27	88.50	91.51	169.15	174.26	104.17	115.72	86.20
178.18	88.35	91.66	169.15	173.86	103.60	115.57	85.78
178.17	88.27	91.74	169.10	173.65	103.14	115.83	86.37
178.15	88.26	91.75	169.07	173.49	102.77	115.71	84.63
178.13	88.20	91.81	169.12	173.19	102.27	115.20	85.05
178.07	88.17	91.84	169.06	172.79	101.68	115.16	84.58
178.10	88.30	91.71	168.99	172.66	101.26	114.87	85.86
178.13	88.53	91.48	168.94	172.18	101.10	114.40	84.94
177.95	88.69	91.32	168.87	171.81	101.20	114.87	85.20
177.73	89.03	90.99	168.80	171.30	101.50	115.00	85.22
177.39	89.40	90.62	168.61	170.01	102.12	115.05	85.36
176.96	89.96	90.05	168.44	167.45	102.61	114.47	85.57
176.76	90.27	89.75	168.29	165.98	102.51	114.24	85.22
176.43	91.08	88.93	168.18	164.77	102.38	113.75	86.45
176.07	91.46	88.55	168.00	164.77	102.31	113.52	84.98
175.60	92.34	87.68	167.95	162.79	102.29	113.61	85.04
175.33	92.97	87.05	167.89	162.11	102.16	113.46	86.12
174.86	93.92	86.09	168.13	161.49	101.99	112.94	83.65
174.55	94.53	85.49	168.18	160.97	102.57	112.54	84.59
174.27	94.93	85.08	169.86	160.26	103.03	112.04	84.75
173.76	95.32	84.69	170.60	157.76	103.82	111.40	85.02
173.36	95.25	84.76	170.39	155.76	104.89	111.28	84.91
172.82	95.54	84.48	170.14	154.41	104.43	111.50	84.65
172.20	96.23	83.78	170.70	153.43	104.89	111.41	84.15
171.78	95.57	84.45	170.50	152.80	105.70	112.16	84.54
171.30	95.60	84.41	170.41	152.17	105.77	111.66	83.81
170.64	95.66	84.35	170.08	151.77	106.93	111.41	83.17
170.31	96.37	83.65	170.56	152.99	108.75	108.66	82.19
170.60	96.37	83.64	165.74	152.64	108.97	107.79	82.34
170.37	96.94	83.07	164.82	152.14	109.07	106.73	82.00
170.46	96.58	83.43	164.63	150.59	107.71	109.80	82.18
170.26	96.58	83.44	164.43	150.43	107.77	109.62	82.65
170.50	96.93	83.09	164.34	150.33	103.95	108.74	81.58
170.47	97.06	82.95	164.24	150.21	96.67	108.67	81.84
170.94	97.28	82.73	164.91	150.30	97.23	107.69	82.26
171.10	96.99	83.02	164.96	150.26	96.95	106.87	81.84
171.32	96.93	83.09	165.12	150.17	98.91	106.70	82.60
172.21	96.81	83.21	165.06	149.96	98.30	106.71	81.75
173.23	96.37	83.64	164.94	149.75	99.37	106.17	81.50
173.74	95.96	84.05	164.73	149.61	99.60	104.78	81.71
174.35	95.44	84.58	164.32	149.43	98.93	102.60	81.70
174.70	95.10	84.92	164.12	149.01	98.88	100.80	82.25
174.94	94.91	85.10	164.27	149.05	98.61	99.61	82.10
175.11	94.72	85.29	164.05	148.90	98.74	99.23	82.52
175.45	94.48	85.53	164.20	149.08	102.94	99.00	81.74
175.97	94.05	85.96	164.70	149.39	107.53	99.53	82.64
176.14	93.88	86.13	164.91	149.65	108.08	100.09	81.36
176.30	93.72	86.29	164.92	149.85	107.86	99.73	82.95
176.24	93.78	86.23	164.94	149.94	107.25	99.05	82.55
176.46	93.56	86.45	165.09	150.04	106.57	98.86	82.91
176.37	93.64	86.37	165.20	150.14	106.57	98.41	82.96
176.74	93.24	86.77	165.46	150.48	107.46	98.65	82.35
177.10	92.79	87.23	165.88	151.61	106.15	99.76	81.92
177.37	92.55	87.46	165.85	151.51	105.71	100.16	82.79
177.38	92.53	87.48	165.89	151.45	105.59	100.09	82.46
177.61	92.36	87.65	165.68	151.38	105.41	100.52	84.09
178.03	91.99	88.02	165.18	151.29	104.65	101.26	83.62
178.05	91.94	88.07	165.02	151.16	104.41	101.42	83.57
178.19	91.75	88.26	165.01	151.13	104.71	101.55	83.70
178.28	91.62	88.39	165.15	126.20	105.13	101.52	83.88
178.37	91.58	88.43	165.22	126.22	105.61	101.49	83.58
178.50	91.47	88.55	165.00	120.06	107.08	100.50	83.59
178.46	91.52	88.49	164.94	119.85	107.72	100.72	83.27
178.40	91.61	88.40	165.08	119.87	106.66	100.70	82.75
178.33	91.55	88.47	165.29	120.08	106.29	100.63	82.64
178.09	91.62	88.39	165.43	116.32	105.92	99.31	82.27
178.10	91.55	88.46	165.33	115.84	106.33	99.53	82.27
178.09	91.60	88.41	165.31	115.83	106.23	98.54	83.07
178.16	91.59	88.42	165.17	115.73	106.10	99.15	82.49
178.13	91.67	88.34	165.06	115.58	106.11	99.46	82.24
178.14	91.71	88.31	164.90	115.51	106.01	99.71	82.48
178.17	91.72	88.30	164.85	115.56	106.02	99.84	82.18
178.05	91.79	88.22	164.97	115.91	105.95	100.35	82.49
178.12	91.76	88.26	164.85	115.87	106.17	100.63	82.69
178.04	91.69	88.33	165.11	116.12	106.76	100.55	82.20
177.96	91.71	88.30	165.17	116.23	106.68	100.56	82.51
177.67	91.84	88.17	165.36	116.38	102.36	100.63	82.35
177.49	91.91	88.10	165.48	116.51	104.35	100.61	82.61
177.37	92.17	87.85	165.54	116.47	104.84	100.29	82.31
177.16	92.49	87.52	165.53	116.51	102.74	100.32	81.92
176.87	92.92	87.09	165.45	116.38	101.68	100.18	82.51
176.69	93.25	86.77	165.38	116.38	100.38	100.37	83.02
175.55	94.46	85.56	165.50	116.33	96.54	100.07	83.08
174.04	95.68	84.33	165.40	116.25	94.56	98.74	83.14
171.32	97.86	82.15	165.34	116.19	93.46	98.89	82.31
169.79	98.89	81.12	165.15	115.99	96.35	98.80	80.45
168.46	99.88	80.13	165.05	115.92	96.53	98.97	79.97
167.87	100.49	79.52	165.21	116.12	95.63	98.33	79.90
166.90	101.22	78.79	165.00	115.93	96.05	97.58	78.86
166.59	101.39	78.62	164.74	115.54	95.96	98.13	77.66
166.63	101.40	78.62	164.58	115.42	95.89	95.25	77.91
166.70	101.26	78.75	164.43	115.36	96.15	95.84	77.60
166.90	101.03	78.99	164.41	128.56	96.75	98.15	77.76
166.81	100.73	79.28	164.19	128.53	97.36	97.73	78.60
166.50	100.55	79.46	163.92	128.34	97.75	97.90	78.16
166.73	99.93	80.09	163.93	128.29	99.53	100.36	78.53
167.04	99.54	80.47	164.57	128.37	101.55	98.21	79.88
167.13	99.57	80.44	165.01	128.40	102.56	97.40	79.09
167.15	99.19	80.83	157.76	128.20	101.93	97.99	79.33
167.48	98.65	81.37	157.59	128.12	101.56	97.46	80.13
167.35	98.58	81.43	157.41	123.67	100.18	98.01	79.65
167.60	98.36	81.65	157.44	123.75	100.03	98.32	80.11
167.90	98.08	81.93	157.52	57.73	100.11	98.33	80.65
167.94	98.08	81.93	157.61	52.99	100.23	98.22	81.17
167.93	97.92	82.10	157.45	51.58	100.60	98.23	81.74
168.24	97.68	82.33	157.54	50.41	101.00	98.98	81.74
168.41	97.70	82.31	157.72	50.94	101.04	98.71	81.62
169.27	96.87	83.14	157.91	50.61	101.03	98.89	83.00
169.44	97.04	82.97	158.12	50.27	101.00	98.59	81.71
170.22	96.58	83.43	158.30	48.68	101.42	98.17	83.83
170.88	96.31	83.71	158.49	48.59	101.35	98.12	83.03
171.22	96.36	83.65	158.63	51.12	101.23	98.35	84.24
171.46	96.43	83.58	158.80	49.63	101.14	98.37	82.73
171.77	96.27	83.75	158.96	50.68	100.88	98.46	83.88
171.90	96.12	83.89	158.86	49.09	100.46	98.84	82.73
172.16	96.13	83.88	158.98	49.16	100.20	98.84	83.98
172.62	95.98	84.03	159.03	49.66	99.86	98.91	84.14
172.96	95.93	84.09	159.12	49.91	99.68	99.04	83.12
173.21	95.75	84.27	159.10	49.96	99.54	99.09	83.46
173.25	95.81	84.21	159.06	50.03	96.47	95.71	84.10
173.00	95.96	84.05	158.91	49.99	95.61	96.59	84.30
173.01	95.88	84.13	158.95	49.94	95.64	97.74	84.15
172.89	95.99	84.03	158.95	49.92	97.02	98.25	84.35
173.19	95.68	84.33	158.94	49.87	97.04	98.66	84.20
173.16	95.86	84.15	158.87	49.86	96.48	98.86	83.85
173.26	95.81	84.21	158.73	49.74	96.78	99.48	82.61
173.38	95.80	84.21	158.74	49.82	96.80	99.69	83.57
173.80	95.53	84.48	158.73	49.80	96.27	100.02	84.56
173.89	95.65	84.36	158.79	49.92	95.69	100.11	82.98
174.14	95.50	84.51	158.69	49.80	95.98	100.23	83.02
174.41	95.47	84.55	158.93	49.90	98.70	100.00	83.21
174.70	95.31	84.70	158.87	49.69	100.54	100.49	82.87
175.34	94.67	85.35	158.97	49.09	101.70	99.86	83.32
175.09	94.88	85.14	158.77	48.58	104.64	101.86	80.80
174.95	94.74	85.28	158.08	47.57	105.75	100.76	79.57
174.61	94.74	85.27	156.71	46.85	104.89	102.84	78.50
175.18	94.31	85.71	155.70	46.23	103.76	104.08	78.25
175.75	94.03	85.98	154.64	45.61	103.61	105.04	77.55
176.59	93.40	86.62	153.25	44.99	103.66	107.76	77.15
176.33	93.62	86.39	152.20	43.55	106.19	108.24	76.23
176.86	93.02	87.00	151.46	41.99	109.30	108.35	74.83
178.04	91.68	88.34	150.83	41.00	111.79	108.29	74.60
177.60	91.93	88.08	150.54	40.58	110.17	108.32	73.11
173.42	93.42	86.59	153.86	42.30	111.69	105.37	71.51
162.54	99.66	80.35	160.44	50.89	113.75	102.13	69.52
161.67	98.54	81.48	160.97	49.27	113.20	99.83	67.53
162.19	96.50	83.51	160.61	47.73	116.13	99.14	66.40
160.61	99.08	80.94	159.73	46.26	117.10	99.80	63.45
164.04	97.12	82.90	157.10	168.00	114.91	97.62	63.03
166.88	98.40	81.61	168.90	145.69	130.41	93.50	60.80
162.86	98.94	81.07	173.14	142.96	131.24	86.93	57.72
160.73	98.80	81.22	166.92	166.80	113.62	78.04	56.72
162.73	95.40	84.61	160.39	168.69	109.57	70.33	56.22
160.00	94.56	85.45	158.13	164.45	112.68	64.43	52.65
171.70	93.37	86.64	153.36	139.24	111.10	74.42	62.16
175.95	89.19	90.82	146.20	140.04	108.21	90.48	69.18
172.38	91.24	88.77	144.86	142.39	96.48	99.13	68.58
165.73	94.22	85.80	145.13	141.74	90.34	106.19	69.49
163.93	88.99	91.03	144.37	142.24	92.27	110.95	72.98
158.12	79.75	100.26	142.05	140.77	98.05	115.24	79.25
155.31	72.08	107.94	143.66	144.40	101.05	120.22	80.08
159.83	97.97	82.05	153.70	160.66	85.14	111.36	57.05
155.46	94.29	85.73	161.52	161.72	85.86	112.24	56.68
-1.00	-1.00	-1.00	-1.00	-1.00	-1.00	-1.00	57.76
-1.00	-1.00	-1.00	-1.00	-1.00	-1.00	-1.00	59.60
-1.00	-1.00	-1.00	-1.00	-1.00	-1.00	-1.00	68.56
-1.00	-1.00	-1.00	-1.00	-1.00	-1.00	-1.00	70.73
-1.00	-1.00	-1.00	-1.00	-1.00	-1.00	-1.00	73.62
-1.00	-1.00	-1.00	-1.00	-1.00	-1.00	-1.00	76.73
-1.00	-1.00	-1.00	-1.00	-1.00	-1.00	-1.00	78.03
